vf\00000_00000.ppm  1  0 0 27 26
vf\00000_00001.ppm  1  0 0 31 28
vf\00000_00002.ppm  1  0 0 30 28
vf\00000_00003.ppm  1  0 0 31 28
vf\00000_00004.ppm  1  0 0 31 27
vf\00000_00005.ppm  1  0 0 28 26
vf\00000_00006.ppm  1  0 0 30 28
vf\00000_00007.ppm  1  0 0 31 29
vf\00000_00008.ppm  1  0 0 34 29
vf\00000_00009.ppm  1  0 0 34 29
vf\00000_00010.ppm  1  0 0 34 28
vf\00000_00011.ppm  1  0 0 36 28
vf\00000_00012.ppm  1  0 0 38 32
vf\00000_00013.ppm  1  0 0 36 33
vf\00000_00014.ppm  1  0 0 37 36
vf\00000_00015.ppm  1  0 0 42 39
vf\00000_00016.ppm  1  0 0 45 39
vf\00000_00017.ppm  1  0 0 50 44
vf\00000_00018.ppm  1  0 0 49 44
vf\00000_00019.ppm  1  0 0 51 45
vf\00000_00020.ppm  1  0 0 51 48
vf\00000_00021.ppm  1  0 0 57 53
vf\00000_00022.ppm  1  0 0 59 59
vf\00000_00023.ppm  1  0 0 63 60
vf\00000_00024.ppm  1  0 0 72 67
vf\00000_00025.ppm  1  0 0 82 77
vf\00000_00026.ppm  1  0 0 96 85
vf\00000_00027.ppm  1  0 0 109 97
vf\00000_00028.ppm  1  0 0 134 122
vf\00000_00029.ppm  1  0 0 175 159
vf\00001_00000.ppm  1  0 0 47 48
vf\00001_00001.ppm  1  0 0 50 51
vf\00001_00002.ppm  1  0 0 50 53
vf\00001_00003.ppm  1  0 0 55 54
vf\00001_00004.ppm  1  0 0 59 53
vf\00001_00005.ppm  1  0 0 59 55
vf\00001_00006.ppm  1  0 0 58 54
vf\00001_00007.ppm  1  0 0 59 56
vf\00001_00008.ppm  1  0 0 62 58
vf\00001_00009.ppm  1  0 0 62 60
vf\00001_00010.ppm  1  0 0 64 62
vf\00001_00011.ppm  1  0 0 67 63
vf\00001_00012.ppm  1  0 0 70 67
vf\00001_00013.ppm  1  0 0 71 70
vf\00001_00014.ppm  1  0 0 75 72
vf\00001_00015.ppm  1  0 0 77 73
vf\00001_00016.ppm  1  0 0 80 75
vf\00001_00017.ppm  1  0 0 82 80
vf\00001_00018.ppm  1  0 0 83 82
vf\00001_00019.ppm  1  0 0 88 83
vf\00001_00020.ppm  1  0 0 92 85
vf\00001_00021.ppm  1  0 0 97 91
vf\00001_00022.ppm  1  0 0 98 93
vf\00001_00023.ppm  1  0 0 105 97
vf\00001_00024.ppm  1  0 0 108 100
vf\00001_00025.ppm  1  0 0 111 106
vf\00001_00026.ppm  1  0 0 119 112
vf\00001_00027.ppm  1  0 0 121 116
vf\00001_00028.ppm  1  0 0 130 122
vf\00001_00029.ppm  1  0 0 133 128
vf\00002_00000.ppm  1  0 0 68 63
vf\00002_00001.ppm  1  0 0 70 63
vf\00002_00002.ppm  1  0 0 72 66
vf\00002_00003.ppm  1  0 0 72 68
vf\00002_00004.ppm  1  0 0 73 69
vf\00002_00005.ppm  1  0 0 76 71
vf\00002_00006.ppm  1  0 0 80 72
vf\00002_00007.ppm  1  0 0 83 75
vf\00002_00008.ppm  1  0 0 85 77
vf\00002_00009.ppm  1  0 0 87 80
vf\00002_00010.ppm  1  0 0 92 81
vf\00002_00011.ppm  1  0 0 94 83
vf\00002_00012.ppm  1  0 0 95 86
vf\00002_00013.ppm  1  0 0 99 92
vf\00002_00014.ppm  1  0 0 104 95
vf\00002_00015.ppm  1  0 0 109 100
vf\00002_00016.ppm  1  0 0 112 103
vf\00002_00017.ppm  1  0 0 117 105
vf\00002_00018.ppm  1  0 0 123 110
vf\00002_00019.ppm  1  0 0 129 117
vf\00002_00020.ppm  1  0 0 131 120
vf\00002_00021.ppm  1  0 0 141 126
vf\00002_00022.ppm  1  0 0 145 130
vf\00002_00023.ppm  1  0 0 147 134
vf\00002_00024.ppm  1  0 0 158 142
vf\00002_00025.ppm  1  0 0 166 146
vf\00002_00026.ppm  1  0 0 180 159
vf\00002_00027.ppm  1  0 0 191 168
vf\00002_00028.ppm  1  0 0 201 178
vf\00002_00029.ppm  1  0 0 216 203
vf\00003_00000.ppm  1  0 0 36 34
vf\00003_00001.ppm  1  0 0 36 33
vf\00003_00002.ppm  1  0 0 36 35
vf\00003_00003.ppm  1  0 0 37 34
vf\00003_00004.ppm  1  0 0 38 37
vf\00003_00005.ppm  1  0 0 38 37
vf\00003_00006.ppm  1  0 0 40 38
vf\00003_00007.ppm  1  0 0 41 39
vf\00003_00008.ppm  1  0 0 40 38
vf\00003_00009.ppm  1  0 0 43 40
vf\00003_00010.ppm  1  0 0 46 41
vf\00003_00011.ppm  1  0 0 46 42
vf\00003_00012.ppm  1  0 0 49 42
vf\00003_00013.ppm  1  0 0 49 43
vf\00003_00014.ppm  1  0 0 51 45
vf\00003_00015.ppm  1  0 0 52 47
vf\00003_00016.ppm  1  0 0 54 50
vf\00003_00017.ppm  1  0 0 58 54
vf\00003_00018.ppm  1  0 0 60 55
vf\00003_00019.ppm  1  0 0 63 58
vf\00003_00020.ppm  1  0 0 72 62
vf\00003_00021.ppm  1  0 0 76 70
vf\00003_00022.ppm  1  0 0 83 74
vf\00003_00023.ppm  1  0 0 87 81
vf\00003_00024.ppm  1  0 0 98 87
vf\00003_00025.ppm  1  0 0 109 96
vf\00003_00026.ppm  1  0 0 120 109
vf\00003_00027.ppm  1  0 0 140 123
vf\00003_00028.ppm  1  0 0 156 140
vf\00003_00029.ppm  1  0 0 189 168
vf\00004_00000.ppm  1  0 0 33 33
vf\00004_00001.ppm  1  0 0 34 34
vf\00004_00002.ppm  1  0 0 35 35
vf\00004_00003.ppm  1  0 0 38 37
vf\00004_00004.ppm  1  0 0 38 38
vf\00004_00005.ppm  1  0 0 40 38
vf\00004_00006.ppm  1  0 0 41 39
vf\00004_00007.ppm  1  0 0 40 39
vf\00004_00008.ppm  1  0 0 42 41
vf\00004_00009.ppm  1  0 0 44 43
vf\00004_00010.ppm  1  0 0 44 44
vf\00004_00011.ppm  1  0 0 45 46
vf\00004_00012.ppm  1  0 0 48 47
vf\00004_00013.ppm  1  0 0 50 49
vf\00004_00014.ppm  1  0 0 51 51
vf\00004_00015.ppm  1  0 0 54 53
vf\00004_00016.ppm  1  0 0 56 56
vf\00004_00017.ppm  1  0 0 60 58
vf\00004_00018.ppm  1  0 0 64 61
vf\00004_00019.ppm  1  0 0 68 65
vf\00004_00020.ppm  1  0 0 73 70
vf\00004_00021.ppm  1  0 0 75 74
vf\00004_00022.ppm  1  0 0 83 80
vf\00004_00023.ppm  1  0 0 92 92
vf\00004_00024.ppm  1  0 0 99 98
vf\00004_00025.ppm  1  0 0 111 108
vf\00004_00026.ppm  1  0 0 124 122
vf\00004_00027.ppm  1  0 0 136 135
vf\00004_00028.ppm  1  0 0 164 168
vf\00004_00029.ppm  1  0 0 190 200
vf\00005_00000.ppm  1  0 0 36 35
vf\00005_00001.ppm  1  0 0 40 36
vf\00005_00002.ppm  1  0 0 40 36
vf\00005_00003.ppm  1  0 0 42 37
vf\00005_00004.ppm  1  0 0 43 39
vf\00005_00005.ppm  1  0 0 47 42
vf\00005_00006.ppm  1  0 0 50 44
vf\00005_00007.ppm  1  0 0 51 47
vf\00005_00008.ppm  1  0 0 55 49
vf\00005_00009.ppm  1  0 0 54 50
vf\00005_00010.ppm  1  0 0 56 51
vf\00005_00011.ppm  1  0 0 58 51
vf\00005_00012.ppm  1  0 0 60 53
vf\00005_00013.ppm  1  0 0 60 55
vf\00005_00014.ppm  1  0 0 60 54
vf\00005_00015.ppm  1  0 0 64 57
vf\00005_00016.ppm  1  0 0 69 60
vf\00005_00017.ppm  1  0 0 72 64
vf\00005_00018.ppm  1  0 0 74 64
vf\00005_00019.ppm  1  0 0 74 67
vf\00005_00020.ppm  1  0 0 77 70
vf\00005_00021.ppm  1  0 0 85 75
vf\00005_00022.ppm  1  0 0 92 81
vf\00005_00023.ppm  1  0 0 95 84
vf\00005_00024.ppm  1  0 0 100 88
vf\00005_00025.ppm  1  0 0 108 96
vf\00005_00026.ppm  1  0 0 119 108
vf\00005_00027.ppm  1  0 0 137 122
vf\00005_00028.ppm  1  0 0 162 143
vf\00005_00029.ppm  1  0 0 201 175
vf\00006_00000.ppm  1  0 0 28 27
vf\00006_00001.ppm  1  0 0 30 27
vf\00006_00002.ppm  1  0 0 29 26
vf\00006_00003.ppm  1  0 0 28 25
vf\00006_00004.ppm  1  0 0 29 25
vf\00006_00005.ppm  1  0 0 30 27
vf\00006_00006.ppm  1  0 0 32 29
vf\00006_00007.ppm  1  0 0 32 29
vf\00006_00008.ppm  1  0 0 32 29
vf\00006_00009.ppm  1  0 0 33 30
vf\00006_00010.ppm  1  0 0 33 31
vf\00006_00011.ppm  1  0 0 35 32
vf\00006_00012.ppm  1  0 0 33 31
vf\00006_00013.ppm  1  0 0 34 32
vf\00006_00014.ppm  1  0 0 36 34
vf\00006_00015.ppm  1  0 0 37 34
vf\00006_00016.ppm  1  0 0 40 35
vf\00006_00017.ppm  1  0 0 40 36
vf\00006_00018.ppm  1  0 0 41 37
vf\00006_00019.ppm  1  0 0 44 39
vf\00006_00020.ppm  1  0 0 45 41
vf\00006_00021.ppm  1  0 0 47 43
vf\00006_00022.ppm  1  0 0 51 46
vf\00006_00023.ppm  1  0 0 53 47
vf\00006_00024.ppm  1  0 0 57 51
vf\00006_00025.ppm  1  0 0 58 52
vf\00006_00026.ppm  1  0 0 63 55
vf\00006_00027.ppm  1  0 0 70 61
vf\00006_00028.ppm  1  0 0 74 69
vf\00006_00029.ppm  1  0 0 83 80
vf\00007_00000.ppm  1  0 0 42 39
vf\00007_00001.ppm  1  0 0 43 41
vf\00007_00002.ppm  1  0 0 43 41
vf\00007_00003.ppm  1  0 0 46 44
vf\00007_00004.ppm  1  0 0 47 45
vf\00007_00005.ppm  1  0 0 49 45
vf\00007_00006.ppm  1  0 0 51 46
vf\00007_00007.ppm  1  0 0 51 48
vf\00007_00008.ppm  1  0 0 53 49
vf\00007_00009.ppm  1  0 0 53 50
vf\00007_00010.ppm  1  0 0 53 49
vf\00007_00011.ppm  1  0 0 53 51
vf\00007_00012.ppm  1  0 0 54 52
vf\00007_00013.ppm  1  0 0 56 53
vf\00007_00014.ppm  1  0 0 58 54
vf\00007_00015.ppm  1  0 0 59 55
vf\00007_00016.ppm  1  0 0 61 56
vf\00007_00017.ppm  1  0 0 63 57
vf\00007_00018.ppm  1  0 0 64 58
vf\00007_00019.ppm  1  0 0 67 60
vf\00007_00020.ppm  1  0 0 70 62
vf\00007_00021.ppm  1  0 0 71 62
vf\00007_00022.ppm  1  0 0 72 63
vf\00007_00023.ppm  1  0 0 73 69
vf\00007_00024.ppm  1  0 0 75 70
vf\00007_00025.ppm  1  0 0 80 70
vf\00007_00026.ppm  1  0 0 83 74
vf\00007_00027.ppm  1  0 0 84 75
vf\00007_00028.ppm  1  0 0 86 80
vf\00007_00029.ppm  1  0 0 88 82
vf\00008_00000.ppm  1  0 0 45 42
vf\00008_00001.ppm  1  0 0 45 42
vf\00008_00002.ppm  1  0 0 47 43
vf\00008_00003.ppm  1  0 0 49 45
vf\00008_00004.ppm  1  0 0 49 45
vf\00008_00005.ppm  1  0 0 49 46
vf\00008_00006.ppm  1  0 0 52 48
vf\00008_00007.ppm  1  0 0 52 49
vf\00008_00008.ppm  1  0 0 53 49
vf\00008_00009.ppm  1  0 0 55 49
vf\00008_00010.ppm  1  0 0 55 50
vf\00008_00011.ppm  1  0 0 59 54
vf\00008_00012.ppm  1  0 0 59 56
vf\00008_00013.ppm  1  0 0 63 56
vf\00008_00014.ppm  1  0 0 65 60
vf\00008_00015.ppm  1  0 0 68 61
vf\00008_00016.ppm  1  0 0 70 62
vf\00008_00017.ppm  1  0 0 71 64
vf\00008_00018.ppm  1  0 0 75 69
vf\00008_00019.ppm  1  0 0 80 71
vf\00008_00020.ppm  1  0 0 82 75
vf\00008_00021.ppm  1  0 0 85 76
vf\00008_00022.ppm  1  0 0 89 81
vf\00008_00023.ppm  1  0 0 94 86
vf\00008_00024.ppm  1  0 0 101 92
vf\00008_00025.ppm  1  0 0 108 98
vf\00008_00026.ppm  1  0 0 113 103
vf\00008_00027.ppm  1  0 0 124 111
vf\00008_00028.ppm  1  0 0 136 119
vf\00008_00029.ppm  1  0 0 145 130
vf\00009_00000.ppm  1  0 0 40 39
vf\00009_00001.ppm  1  0 0 41 39
vf\00009_00002.ppm  1  0 0 44 41
vf\00009_00003.ppm  1  0 0 46 42
vf\00009_00004.ppm  1  0 0 46 42
vf\00009_00005.ppm  1  0 0 46 44
vf\00009_00006.ppm  1  0 0 49 44
vf\00009_00007.ppm  1  0 0 49 44
vf\00009_00008.ppm  1  0 0 52 47
vf\00009_00009.ppm  1  0 0 52 47
vf\00009_00010.ppm  1  0 0 52 46
vf\00009_00011.ppm  1  0 0 53 48
vf\00009_00012.ppm  1  0 0 53 49
vf\00009_00013.ppm  1  0 0 54 50
vf\00009_00014.ppm  1  0 0 57 52
vf\00009_00015.ppm  1  0 0 59 55
vf\00009_00016.ppm  1  0 0 59 56
vf\00009_00017.ppm  1  0 0 61 56
vf\00009_00018.ppm  1  0 0 62 56
vf\00009_00019.ppm  1  0 0 67 58
vf\00009_00020.ppm  1  0 0 69 60
vf\00009_00021.ppm  1  0 0 71 62
vf\00009_00022.ppm  1  0 0 74 64
vf\00009_00023.ppm  1  0 0 80 70
vf\00009_00024.ppm  1  0 0 83 71
vf\00009_00025.ppm  1  0 0 85 75
vf\00009_00026.ppm  1  0 0 89 81
vf\00009_00027.ppm  1  0 0 96 86
vf\00009_00028.ppm  1  0 0 100 88
vf\00009_00029.ppm  1  0 0 108 96
vf\00010_00000.ppm  1  0 0 50 45
vf\00010_00001.ppm  1  0 0 49 47
vf\00010_00002.ppm  1  0 0 51 47
vf\00010_00003.ppm  1  0 0 52 48
vf\00010_00004.ppm  1  0 0 52 48
vf\00010_00005.ppm  1  0 0 54 50
vf\00010_00006.ppm  1  0 0 54 50
vf\00010_00007.ppm  1  0 0 58 52
vf\00010_00008.ppm  1  0 0 56 52
vf\00010_00009.ppm  1  0 0 57 53
vf\00010_00010.ppm  1  0 0 61 56
vf\00010_00011.ppm  1  0 0 62 55
vf\00010_00012.ppm  1  0 0 62 58
vf\00010_00013.ppm  1  0 0 63 59
vf\00010_00014.ppm  1  0 0 69 62
vf\00010_00015.ppm  1  0 0 70 65
vf\00010_00016.ppm  1  0 0 70 63
vf\00010_00017.ppm  1  0 0 73 64
vf\00010_00018.ppm  1  0 0 75 69
vf\00010_00019.ppm  1  0 0 81 72
vf\00010_00020.ppm  1  0 0 84 75
vf\00010_00021.ppm  1  0 0 88 80
vf\00010_00022.ppm  1  0 0 92 80
vf\00010_00023.ppm  1  0 0 94 84
vf\00010_00024.ppm  1  0 0 95 85
vf\00010_00025.ppm  1  0 0 103 96
vf\00010_00026.ppm  1  0 0 107 96
vf\00010_00027.ppm  1  0 0 116 104
vf\00010_00028.ppm  1  0 0 120 108
vf\00010_00029.ppm  1  0 0 134 118
vf\00011_00000.ppm  1  0 0 40 39
vf\00011_00001.ppm  1  0 0 41 40
vf\00011_00002.ppm  1  0 0 42 40
vf\00011_00003.ppm  1  0 0 43 41
vf\00011_00004.ppm  1  0 0 45 42
vf\00011_00005.ppm  1  0 0 45 43
vf\00011_00006.ppm  1  0 0 46 44
vf\00011_00007.ppm  1  0 0 49 46
vf\00011_00008.ppm  1  0 0 50 46
vf\00011_00009.ppm  1  0 0 51 48
vf\00011_00010.ppm  1  0 0 52 49
vf\00011_00011.ppm  1  0 0 54 50
vf\00011_00012.ppm  1  0 0 55 51
vf\00011_00013.ppm  1  0 0 58 53
vf\00011_00014.ppm  1  0 0 59 54
vf\00011_00015.ppm  1  0 0 60 55
vf\00011_00016.ppm  1  0 0 63 57
vf\00011_00017.ppm  1  0 0 64 59
vf\00011_00018.ppm  1  0 0 67 60
vf\00011_00019.ppm  1  0 0 69 62
vf\00011_00020.ppm  1  0 0 73 64
vf\00011_00021.ppm  1  0 0 75 69
vf\00011_00022.ppm  1  0 0 79 71
vf\00011_00023.ppm  1  0 0 83 74
vf\00011_00024.ppm  1  0 0 92 82
vf\00011_00025.ppm  1  0 0 98 86
vf\00011_00026.ppm  1  0 0 106 93
vf\00011_00027.ppm  1  0 0 112 98
vf\00011_00028.ppm  1  0 0 123 110
vf\00011_00029.ppm  1  0 0 130 118
vf\00012_00000.ppm  1  0 0 37 37
vf\00012_00001.ppm  1  0 0 38 36
vf\00012_00002.ppm  1  0 0 38 37
vf\00012_00003.ppm  1  0 0 38 39
vf\00012_00004.ppm  1  0 0 38 38
vf\00012_00005.ppm  1  0 0 40 38
vf\00012_00006.ppm  1  0 0 40 40
vf\00012_00007.ppm  1  0 0 41 39
vf\00012_00008.ppm  1  0 0 44 40
vf\00012_00009.ppm  1  0 0 45 43
vf\00012_00010.ppm  1  0 0 46 44
vf\00012_00011.ppm  1  0 0 48 47
vf\00012_00012.ppm  1  0 0 50 49
vf\00012_00013.ppm  1  0 0 53 51
vf\00012_00014.ppm  1  0 0 55 53
vf\00012_00015.ppm  1  0 0 56 55
vf\00012_00016.ppm  1  0 0 60 57
vf\00012_00017.ppm  1  0 0 62 59
vf\00012_00018.ppm  1  0 0 68 62
vf\00012_00019.ppm  1  0 0 70 65
vf\00012_00020.ppm  1  0 0 76 72
vf\00012_00021.ppm  1  0 0 82 76
vf\00012_00022.ppm  1  0 0 89 83
vf\00012_00023.ppm  1  0 0 100 94
vf\00012_00024.ppm  1  0 0 110 99
vf\00012_00025.ppm  1  0 0 122 111
vf\00012_00026.ppm  1  0 0 138 128
vf\00012_00027.ppm  1  0 0 152 138
vf\00012_00028.ppm  1  0 0 179 159
vf\00012_00029.ppm  1  0 0 207 180
vf\00013_00000.ppm  1  0 0 39 38
vf\00013_00001.ppm  1  0 0 40 38
vf\00013_00002.ppm  1  0 0 39 38
vf\00013_00003.ppm  1  0 0 41 39
vf\00013_00004.ppm  1  0 0 41 40
vf\00013_00005.ppm  1  0 0 42 41
vf\00013_00006.ppm  1  0 0 43 41
vf\00013_00007.ppm  1  0 0 44 42
vf\00013_00008.ppm  1  0 0 45 43
vf\00013_00009.ppm  1  0 0 46 44
vf\00013_00010.ppm  1  0 0 48 45
vf\00013_00011.ppm  1  0 0 50 47
vf\00013_00012.ppm  1  0 0 52 49
vf\00013_00013.ppm  1  0 0 53 51
vf\00013_00014.ppm  1  0 0 54 52
vf\00013_00015.ppm  1  0 0 57 54
vf\00013_00016.ppm  1  0 0 59 58
vf\00013_00017.ppm  1  0 0 61 60
vf\00013_00018.ppm  1  0 0 63 61
vf\00013_00019.ppm  1  0 0 69 63
vf\00013_00020.ppm  1  0 0 71 68
vf\00013_00021.ppm  1  0 0 72 70
vf\00013_00022.ppm  1  0 0 76 73
vf\00013_00023.ppm  1  0 0 83 77
vf\00013_00024.ppm  1  0 0 87 82
vf\00013_00025.ppm  1  0 0 92 86
vf\00013_00026.ppm  1  0 0 104 94
vf\00013_00027.ppm  1  0 0 109 97
vf\00013_00028.ppm  1  0 0 118 101
vf\00013_00029.ppm  1  0 0 130 108
vf\00014_00000.ppm  1  0 0 31 31
vf\00014_00001.ppm  1  0 0 33 32
vf\00014_00002.ppm  1  0 0 32 32
vf\00014_00003.ppm  1  0 0 32 33
vf\00014_00004.ppm  1  0 0 34 35
vf\00014_00005.ppm  1  0 0 36 35
vf\00014_00006.ppm  1  0 0 37 35
vf\00014_00007.ppm  1  0 0 37 35
vf\00014_00008.ppm  1  0 0 38 37
vf\00014_00009.ppm  1  0 0 39 38
vf\00014_00010.ppm  1  0 0 39 39
vf\00014_00011.ppm  1  0 0 40 41
vf\00014_00012.ppm  1  0 0 42 42
vf\00014_00013.ppm  1  0 0 45 42
vf\00014_00014.ppm  1  0 0 47 44
vf\00014_00015.ppm  1  0 0 49 46
vf\00014_00016.ppm  1  0 0 50 45
vf\00014_00017.ppm  1  0 0 51 47
vf\00014_00018.ppm  1  0 0 53 51
vf\00014_00019.ppm  1  0 0 55 52
vf\00014_00020.ppm  1  0 0 59 54
vf\00014_00021.ppm  1  0 0 62 57
vf\00014_00022.ppm  1  0 0 69 61
vf\00014_00023.ppm  1  0 0 74 69
vf\00014_00024.ppm  1  0 0 81 73
vf\00014_00025.ppm  1  0 0 88 76
vf\00014_00026.ppm  1  0 0 96 83
vf\00014_00027.ppm  1  0 0 105 92
vf\00014_00028.ppm  1  0 0 119 106
vf\00014_00029.ppm  1  0 0 131 117
vf\00015_00000.ppm  1  0 0 28 28
vf\00015_00001.ppm  1  0 0 28 27
vf\00015_00002.ppm  1  0 0 29 28
vf\00015_00003.ppm  1  0 0 29 29
vf\00015_00004.ppm  1  0 0 29 30
vf\00015_00005.ppm  1  0 0 30 30
vf\00015_00006.ppm  1  0 0 30 30
vf\00015_00007.ppm  1  0 0 29 31
vf\00015_00008.ppm  1  0 0 32 31
vf\00015_00009.ppm  1  0 0 32 32
vf\00015_00010.ppm  1  0 0 31 32
vf\00015_00011.ppm  1  0 0 32 31
vf\00015_00012.ppm  1  0 0 33 35
vf\00015_00013.ppm  1  0 0 35 34
vf\00015_00014.ppm  1  0 0 36 35
vf\00015_00015.ppm  1  0 0 38 38
vf\00015_00016.ppm  1  0 0 38 39
vf\00015_00017.ppm  1  0 0 39 39
vf\00015_00018.ppm  1  0 0 40 40
vf\00015_00019.ppm  1  0 0 43 42
vf\00015_00020.ppm  1  0 0 46 45
vf\00015_00021.ppm  1  0 0 46 46
vf\00015_00022.ppm  1  0 0 51 48
vf\00015_00023.ppm  1  0 0 54 51
vf\00015_00024.ppm  1  0 0 58 54
vf\00015_00025.ppm  1  0 0 60 57
vf\00015_00026.ppm  1  0 0 66 62
vf\00015_00027.ppm  1  0 0 72 69
vf\00015_00028.ppm  1  0 0 86 80
vf\00015_00029.ppm  1  0 0 93 85
vf\00016_00000.ppm  1  0 0 37 37
vf\00016_00001.ppm  1  0 0 39 38
vf\00016_00002.ppm  1  0 0 39 38
vf\00016_00003.ppm  1  0 0 39 39
vf\00016_00004.ppm  1  0 0 41 40
vf\00016_00005.ppm  1  0 0 41 40
vf\00016_00006.ppm  1  0 0 42 41
vf\00016_00007.ppm  1  0 0 45 44
vf\00016_00008.ppm  1  0 0 47 47
vf\00016_00009.ppm  1  0 0 49 47
vf\00016_00010.ppm  1  0 0 52 50
vf\00016_00011.ppm  1  0 0 53 51
vf\00016_00012.ppm  1  0 0 55 53
vf\00016_00013.ppm  1  0 0 57 54
vf\00016_00014.ppm  1  0 0 59 55
vf\00016_00015.ppm  1  0 0 60 58
vf\00016_00016.ppm  1  0 0 62 60
vf\00016_00017.ppm  1  0 0 67 61
vf\00016_00018.ppm  1  0 0 70 62
vf\00016_00019.ppm  1  0 0 72 62
vf\00016_00020.ppm  1  0 0 72 65
vf\00016_00021.ppm  1  0 0 76 72
vf\00016_00022.ppm  1  0 0 86 81
vf\00016_00023.ppm  1  0 0 93 83
vf\00016_00024.ppm  1  0 0 97 87
vf\00016_00025.ppm  1  0 0 105 96
vf\00016_00026.ppm  1  0 0 116 107
vf\00016_00027.ppm  1  0 0 127 118
vf\00016_00028.ppm  1  0 0 140 131
vf\00016_00029.ppm  1  0 0 157 148
vf\00017_00000.ppm  1  0 0 27 26
vf\00017_00001.ppm  1  0 0 28 26
vf\00017_00002.ppm  1  0 0 27 26
vf\00017_00003.ppm  1  0 0 29 28
vf\00017_00004.ppm  1  0 0 29 27
vf\00017_00005.ppm  1  0 0 29 29
vf\00017_00006.ppm  1  0 0 30 30
vf\00017_00007.ppm  1  0 0 31 30
vf\00017_00008.ppm  1  0 0 33 30
vf\00017_00009.ppm  1  0 0 35 32
vf\00017_00010.ppm  1  0 0 36 36
vf\00017_00011.ppm  1  0 0 37 37
vf\00017_00012.ppm  1  0 0 39 36
vf\00017_00013.ppm  1  0 0 39 36
vf\00017_00014.ppm  1  0 0 40 38
vf\00017_00015.ppm  1  0 0 41 39
vf\00017_00016.ppm  1  0 0 43 42
vf\00017_00017.ppm  1  0 0 45 43
vf\00017_00018.ppm  1  0 0 48 45
vf\00017_00019.ppm  1  0 0 52 46
vf\00017_00020.ppm  1  0 0 54 51
vf\00017_00021.ppm  1  0 0 58 54
vf\00017_00022.ppm  1  0 0 63 58
vf\00017_00023.ppm  1  0 0 71 64
vf\00017_00024.ppm  1  0 0 76 71
vf\00017_00025.ppm  1  0 0 83 75
vf\00017_00026.ppm  1  0 0 91 81
vf\00017_00027.ppm  1  0 0 107 94
vf\00017_00028.ppm  1  0 0 125 111
vf\00017_00029.ppm  1  0 0 152 132
vf\00018_00000.ppm  1  0 0 43 40
vf\00018_00001.ppm  1  0 0 43 42
vf\00018_00002.ppm  1  0 0 44 42
vf\00018_00003.ppm  1  0 0 44 43
vf\00018_00004.ppm  1  0 0 47 43
vf\00018_00005.ppm  1  0 0 48 44
vf\00018_00006.ppm  1  0 0 49 46
vf\00018_00007.ppm  1  0 0 52 48
vf\00018_00008.ppm  1  0 0 52 48
vf\00018_00009.ppm  1  0 0 51 48
vf\00018_00010.ppm  1  0 0 55 50
vf\00018_00011.ppm  1  0 0 55 49
vf\00018_00012.ppm  1  0 0 56 50
vf\00018_00013.ppm  1  0 0 58 53
vf\00018_00014.ppm  1  0 0 59 54
vf\00018_00015.ppm  1  0 0 63 56
vf\00018_00016.ppm  1  0 0 63 59
vf\00018_00017.ppm  1  0 0 64 61
vf\00018_00018.ppm  1  0 0 69 61
vf\00018_00019.ppm  1  0 0 76 68
vf\00018_00020.ppm  1  0 0 76 69
vf\00018_00021.ppm  1  0 0 86 75
vf\00018_00022.ppm  1  0 0 83 74
vf\00018_00023.ppm  1  0 0 88 76
vf\00018_00024.ppm  1  0 0 97 85
vf\00018_00025.ppm  1  0 0 98 85
vf\00018_00026.ppm  1  0 0 106 95
vf\00018_00027.ppm  1  0 0 117 104
vf\00018_00028.ppm  1  0 0 128 112
vf\00018_00029.ppm  1  0 0 143 128
vf\00019_00000.ppm  1  0 0 29 27
vf\00019_00001.ppm  1  0 0 30 27
vf\00019_00002.ppm  1  0 0 32 29
vf\00019_00003.ppm  1  0 0 34 29
vf\00019_00004.ppm  1  0 0 34 30
vf\00019_00005.ppm  1  0 0 36 29
vf\00019_00006.ppm  1  0 0 33 28
vf\00019_00007.ppm  1  0 0 33 29
vf\00019_00008.ppm  1  0 0 34 30
vf\00019_00009.ppm  1  0 0 36 32
vf\00019_00010.ppm  1  0 0 34 30
vf\00019_00011.ppm  1  0 0 36 30
vf\00019_00012.ppm  1  0 0 36 31
vf\00019_00013.ppm  1  0 0 38 34
vf\00019_00014.ppm  1  0 0 38 35
vf\00019_00015.ppm  1  0 0 38 35
vf\00019_00016.ppm  1  0 0 38 35
vf\00019_00017.ppm  1  0 0 38 35
vf\00019_00018.ppm  1  0 0 39 35
vf\00019_00019.ppm  1  0 0 42 38
vf\00019_00020.ppm  1  0 0 42 40
vf\00019_00021.ppm  1  0 0 44 41
vf\00019_00022.ppm  1  0 0 47 43
vf\00019_00023.ppm  1  0 0 49 44
vf\00019_00024.ppm  1  0 0 51 47
vf\00019_00025.ppm  1  0 0 53 48
vf\00019_00026.ppm  1  0 0 55 52
vf\00019_00027.ppm  1  0 0 56 54
vf\00019_00028.ppm  1  0 0 59 57
vf\00019_00029.ppm  1  0 0 61 59
vf\00020_00000.ppm  1  0 0 34 33
vf\00020_00001.ppm  1  0 0 35 33
vf\00020_00002.ppm  1  0 0 35 33
vf\00020_00003.ppm  1  0 0 37 33
vf\00020_00004.ppm  1  0 0 36 36
vf\00020_00005.ppm  1  0 0 37 37
vf\00020_00006.ppm  1  0 0 39 36
vf\00020_00007.ppm  1  0 0 39 37
vf\00020_00008.ppm  1  0 0 40 38
vf\00020_00009.ppm  1  0 0 41 38
vf\00020_00010.ppm  1  0 0 43 40
vf\00020_00011.ppm  1  0 0 45 41
vf\00020_00012.ppm  1  0 0 46 42
vf\00020_00013.ppm  1  0 0 47 44
vf\00020_00014.ppm  1  0 0 48 46
vf\00020_00015.ppm  1  0 0 52 47
vf\00020_00016.ppm  1  0 0 53 51
vf\00020_00017.ppm  1  0 0 56 51
vf\00020_00018.ppm  1  0 0 58 55
vf\00020_00019.ppm  1  0 0 64 58
vf\00020_00020.ppm  1  0 0 69 59
vf\00020_00021.ppm  1  0 0 74 65
vf\00020_00022.ppm  1  0 0 81 72
vf\00020_00023.ppm  1  0 0 84 75
vf\00020_00024.ppm  1  0 0 93 83
vf\00020_00025.ppm  1  0 0 104 92
vf\00020_00026.ppm  1  0 0 111 99
vf\00020_00027.ppm  1  0 0 129 113
vf\00020_00028.ppm  1  0 0 152 133
vf\00020_00029.ppm  1  0 0 168 148
vf\00021_00000.ppm  1  0 0 29 27
vf\00021_00001.ppm  1  0 0 29 27
vf\00021_00002.ppm  1  0 0 32 27
vf\00021_00003.ppm  1  0 0 32 28
vf\00021_00004.ppm  1  0 0 33 28
vf\00021_00005.ppm  1  0 0 34 29
vf\00021_00006.ppm  1  0 0 34 31
vf\00021_00007.ppm  1  0 0 35 30
vf\00021_00008.ppm  1  0 0 35 30
vf\00021_00009.ppm  1  0 0 37 31
vf\00021_00010.ppm  1  0 0 39 33
vf\00021_00011.ppm  1  0 0 39 33
vf\00021_00012.ppm  1  0 0 40 34
vf\00021_00013.ppm  1  0 0 41 35
vf\00021_00014.ppm  1  0 0 44 38
vf\00021_00015.ppm  1  0 0 43 39
vf\00021_00016.ppm  1  0 0 44 41
vf\00021_00017.ppm  1  0 0 45 42
vf\00021_00018.ppm  1  0 0 48 45
vf\00021_00019.ppm  1  0 0 52 45
vf\00021_00020.ppm  1  0 0 52 46
vf\00021_00021.ppm  1  0 0 58 50
vf\00021_00022.ppm  1  0 0 62 54
vf\00021_00023.ppm  1  0 0 62 56
vf\00021_00024.ppm  1  0 0 68 59
vf\00021_00025.ppm  1  0 0 70 59
vf\00021_00026.ppm  1  0 0 80 68
vf\00021_00027.ppm  1  0 0 87 74
vf\00021_00028.ppm  1  0 0 96 84
vf\00021_00029.ppm  1  0 0 111 94
vf\00022_00000.ppm  1  0 0 50 50
vf\00022_00001.ppm  1  0 0 50 46
vf\00022_00002.ppm  1  0 0 56 51
vf\00022_00003.ppm  1  0 0 53 50
vf\00022_00004.ppm  1  0 0 55 51
vf\00022_00005.ppm  1  0 0 55 51
vf\00022_00006.ppm  1  0 0 53 52
vf\00022_00007.ppm  1  0 0 54 53
vf\00022_00008.ppm  1  0 0 56 54
vf\00022_00009.ppm  1  0 0 58 57
vf\00022_00010.ppm  1  0 0 62 58
vf\00022_00011.ppm  1  0 0 65 58
vf\00022_00012.ppm  1  0 0 71 63
vf\00022_00013.ppm  1  0 0 70 60
vf\00022_00014.ppm  1  0 0 76 67
vf\00022_00015.ppm  1  0 0 76 70
vf\00022_00016.ppm  1  0 0 77 70
vf\00022_00017.ppm  1  0 0 80 72
vf\00022_00018.ppm  1  0 0 83 72
vf\00022_00019.ppm  1  0 0 92 81
vf\00022_00020.ppm  1  0 0 94 86
vf\00022_00021.ppm  1  0 0 99 92
vf\00022_00022.ppm  1  0 0 105 97
vf\00022_00023.ppm  1  0 0 112 104
vf\00022_00024.ppm  1  0 0 118 107
vf\00022_00025.ppm  1  0 0 133 122
vf\00022_00026.ppm  1  0 0 140 124
vf\00022_00027.ppm  1  0 0 154 135
vf\00022_00028.ppm  1  0 0 163 143
vf\00022_00029.ppm  1  0 0 189 168
vf\00023_00000.ppm  1  0 0 31 27
vf\00023_00001.ppm  1  0 0 33 29
vf\00023_00002.ppm  1  0 0 35 29
vf\00023_00003.ppm  1  0 0 33 30
vf\00023_00004.ppm  1  0 0 32 28
vf\00023_00005.ppm  1  0 0 33 30
vf\00023_00006.ppm  1  0 0 36 33
vf\00023_00007.ppm  1  0 0 37 34
vf\00023_00008.ppm  1  0 0 39 36
vf\00023_00009.ppm  1  0 0 39 37
vf\00023_00010.ppm  1  0 0 39 37
vf\00023_00011.ppm  1  0 0 41 38
vf\00023_00012.ppm  1  0 0 41 38
vf\00023_00013.ppm  1  0 0 42 38
vf\00023_00014.ppm  1  0 0 44 41
vf\00023_00015.ppm  1  0 0 42 38
vf\00023_00016.ppm  1  0 0 46 42
vf\00023_00017.ppm  1  0 0 49 46
vf\00023_00018.ppm  1  0 0 50 45
vf\00023_00019.ppm  1  0 0 54 49
vf\00023_00020.ppm  1  0 0 56 52
vf\00023_00021.ppm  1  0 0 59 53
vf\00023_00022.ppm  1  0 0 62 55
vf\00023_00023.ppm  1  0 0 68 58
vf\00023_00024.ppm  1  0 0 68 60
vf\00023_00025.ppm  1  0 0 72 63
vf\00023_00026.ppm  1  0 0 80 71
vf\00023_00027.ppm  1  0 0 84 75
vf\00023_00028.ppm  1  0 0 93 83
vf\00023_00029.ppm  1  0 0 98 88
vf\00024_00000.ppm  1  0 0 31 29
vf\00024_00001.ppm  1  0 0 31 31
vf\00024_00002.ppm  1  0 0 32 32
vf\00024_00003.ppm  1  0 0 31 31
vf\00024_00004.ppm  1  0 0 34 32
vf\00024_00005.ppm  1  0 0 34 32
vf\00024_00006.ppm  1  0 0 36 33
vf\00024_00007.ppm  1  0 0 35 33
vf\00024_00008.ppm  1  0 0 36 33
vf\00024_00009.ppm  1  0 0 37 33
vf\00024_00010.ppm  1  0 0 38 35
vf\00024_00011.ppm  1  0 0 40 36
vf\00024_00012.ppm  1  0 0 42 37
vf\00024_00013.ppm  1  0 0 41 38
vf\00024_00014.ppm  1  0 0 44 40
vf\00024_00015.ppm  1  0 0 45 42
vf\00024_00016.ppm  1  0 0 47 44
vf\00024_00017.ppm  1  0 0 49 46
vf\00024_00018.ppm  1  0 0 52 46
vf\00024_00019.ppm  1  0 0 53 49
vf\00024_00020.ppm  1  0 0 57 52
vf\00024_00021.ppm  1  0 0 62 55
vf\00024_00022.ppm  1  0 0 64 57
vf\00024_00023.ppm  1  0 0 68 62
vf\00024_00024.ppm  1  0 0 80 71
vf\00024_00025.ppm  1  0 0 85 75
vf\00024_00026.ppm  1  0 0 91 82
vf\00024_00027.ppm  1  0 0 104 92
vf\00024_00028.ppm  1  0 0 127 109
vf\00024_00029.ppm  1  0 0 143 125
vf\00025_00000.ppm  1  0 0 29 28
vf\00025_00001.ppm  1  0 0 30 29
vf\00025_00002.ppm  1  0 0 30 29
vf\00025_00003.ppm  1  0 0 31 30
vf\00025_00004.ppm  1  0 0 31 31
vf\00025_00005.ppm  1  0 0 34 33
vf\00025_00006.ppm  1  0 0 33 31
vf\00025_00007.ppm  1  0 0 35 33
vf\00025_00008.ppm  1  0 0 36 34
