vfs\00000_00000.ppm  1  0 0 27 27
vfs\00000_00001.ppm  1  0 0 27 29
vfs\00000_00002.ppm  1  0 0 28 29
vfs\00000_00003.ppm  1  0 0 29 30
vfs\00000_00004.ppm  1  0 0 29 30
vfs\00000_00005.ppm  1  0 0 31 31
vfs\00000_00006.ppm  1  0 0 32 32
vfs\00000_00007.ppm  1  0 0 31 33
vfs\00000_00008.ppm  1  0 0 31 35
vfs\00000_00009.ppm  1  0 0 31 36
vfs\00000_00010.ppm  1  0 0 33 37
vfs\00000_00011.ppm  1  0 0 33 37
vfs\00000_00012.ppm  1  0 0 35 38
vfs\00000_00013.ppm  1  0 0 35 38
vfs\00000_00014.ppm  1  0 0 35 38
vfs\00000_00015.ppm  1  0 0 35 39
vfs\00000_00016.ppm  1  0 0 37 41
vfs\00000_00017.ppm  1  0 0 37 42
vfs\00000_00018.ppm  1  0 0 40 46
vfs\00000_00019.ppm  1  0 0 43 48
vfs\00000_00020.ppm  1  0 0 44 50
vfs\00000_00021.ppm  1  0 0 45 51
vfs\00000_00022.ppm  1  0 0 49 55
vfs\00000_00023.ppm  1  0 0 49 55
vfs\00000_00024.ppm  1  0 0 53 59
vfs\00000_00025.ppm  1  0 0 54 62
vfs\00000_00026.ppm  1  0 0 59 68
vfs\00000_00027.ppm  1  0 0 63 73
vfs\00000_00028.ppm  1  0 0 72 81
vfs\00000_00029.ppm  1  0 0 78 85
vfs\00001_00000.ppm  1  0 0 30 26
vfs\00001_00001.ppm  1  0 0 32 28
vfs\00001_00002.ppm  1  0 0 31 28
vfs\00001_00003.ppm  1  0 0 31 28
vfs\00001_00004.ppm  1  0 0 32 29
vfs\00001_00005.ppm  1  0 0 33 31
vfs\00001_00006.ppm  1  0 0 34 31
vfs\00001_00007.ppm  1  0 0 34 32
vfs\00001_00008.ppm  1  0 0 32 31
vfs\00001_00009.ppm  1  0 0 35 33
vfs\00001_00010.ppm  1  0 0 35 35
vfs\00001_00011.ppm  1  0 0 37 37
vfs\00001_00012.ppm  1  0 0 38 38
vfs\00001_00013.ppm  1  0 0 38 39
vfs\00001_00014.ppm  1  0 0 42 42
vfs\00001_00015.ppm  1  0 0 42 43
vfs\00001_00016.ppm  1  0 0 45 42
vfs\00001_00017.ppm  1  0 0 42 43
vfs\00001_00018.ppm  1  0 0 44 45
vfs\00001_00019.ppm  1  0 0 48 49
vfs\00001_00020.ppm  1  0 0 52 50
vfs\00001_00021.ppm  1  0 0 55 54
vfs\00001_00022.ppm  1  0 0 58 54
vfs\00001_00023.ppm  1  0 0 60 59
vfs\00001_00024.ppm  1  0 0 63 64
vfs\00001_00025.ppm  1  0 0 67 68
vfs\00001_00026.ppm  1  0 0 73 74
vfs\00001_00027.ppm  1  0 0 81 81
vfs\00001_00028.ppm  1  0 0 85 88
vfs\00001_00029.ppm  1  0 0 95 96
vfs\00002_00000.ppm  1  0 0 30 31
vfs\00002_00001.ppm  1  0 0 32 32
vfs\00002_00002.ppm  1  0 0 33 34
vfs\00002_00003.ppm  1  0 0 33 33
vfs\00002_00004.ppm  1  0 0 35 36
vfs\00002_00005.ppm  1  0 0 35 37
vfs\00002_00006.ppm  1  0 0 35 37
vfs\00002_00007.ppm  1  0 0 36 37
vfs\00002_00008.ppm  1  0 0 37 38
vfs\00002_00009.ppm  1  0 0 40 42
vfs\00002_00010.ppm  1  0 0 40 42
vfs\00002_00011.ppm  1  0 0 39 42
vfs\00002_00012.ppm  1  0 0 44 46
vfs\00002_00013.ppm  1  0 0 45 50
vfs\00002_00014.ppm  1  0 0 46 49
vfs\00002_00015.ppm  1  0 0 48 51
vfs\00002_00016.ppm  1  0 0 50 53
vfs\00002_00017.ppm  1  0 0 52 57
vfs\00002_00018.ppm  1  0 0 55 58
vfs\00002_00019.ppm  1  0 0 59 60
vfs\00002_00020.ppm  1  0 0 61 64
vfs\00002_00021.ppm  1  0 0 64 69
vfs\00002_00022.ppm  1  0 0 73 77
vfs\00002_00023.ppm  1  0 0 81 82
vfs\00002_00024.ppm  1  0 0 88 88
vfs\00002_00025.ppm  1  0 0 98 101
vfs\00002_00026.ppm  1  0 0 109 112
vfs\00002_00027.ppm  1  0 0 125 130
vfs\00002_00028.ppm  1  0 0 144 147
vfs\00002_00029.ppm  1  0 0 178 185
vfs\00003_00000.ppm  1  0 0 37 39
vfs\00003_00001.ppm  1  0 0 36 36
vfs\00003_00002.ppm  1  0 0 37 38
vfs\00003_00003.ppm  1  0 0 37 38
vfs\00003_00004.ppm  1  0 0 37 38
vfs\00003_00005.ppm  1  0 0 36 37
vfs\00003_00006.ppm  1  0 0 37 39
vfs\00003_00007.ppm  1  0 0 40 41
vfs\00003_00008.ppm  1  0 0 38 40
vfs\00003_00009.ppm  1  0 0 41 42
vfs\00003_00010.ppm  1  0 0 42 42
vfs\00003_00011.ppm  1  0 0 44 43
vfs\00003_00012.ppm  1  0 0 44 42
vfs\00003_00013.ppm  1  0 0 44 42
vfs\00003_00014.ppm  1  0 0 45 42
vfs\00003_00015.ppm  1  0 0 47 46
vfs\00003_00016.ppm  1  0 0 49 49
vfs\00003_00017.ppm  1  0 0 49 49
vfs\00003_00018.ppm  1  0 0 50 50
vfs\00003_00019.ppm  1  0 0 52 52
vfs\00003_00020.ppm  1  0 0 54 55
vfs\00003_00021.ppm  1  0 0 58 57
vfs\00003_00022.ppm  1  0 0 59 59
vfs\00003_00023.ppm  1  0 0 63 63
vfs\00003_00024.ppm  1  0 0 71 71
vfs\00003_00025.ppm  1  0 0 72 73
vfs\00003_00026.ppm  1  0 0 77 80
vfs\00003_00027.ppm  1  0 0 87 91
vfs\00003_00028.ppm  1  0 0 95 97
vfs\00003_00029.ppm  1  0 0 108 112
vfs\00004_00000.ppm  1  0 0 30 25
vfs\00004_00001.ppm  1  0 0 30 26
vfs\00004_00002.ppm  1  0 0 29 26
vfs\00004_00003.ppm  1  0 0 30 27
vfs\00004_00004.ppm  1  0 0 31 26
vfs\00004_00005.ppm  1  0 0 32 25
vfs\00004_00006.ppm  1  0 0 31 26
vfs\00004_00007.ppm  1  0 0 31 27
vfs\00004_00008.ppm  1  0 0 32 27
vfs\00004_00009.ppm  1  0 0 33 27
vfs\00004_00010.ppm  1  0 0 31 27
vfs\00004_00011.ppm  1  0 0 29 25
vfs\00004_00012.ppm  1  0 0 31 25
vfs\00004_00013.ppm  1  0 0 30 26
vfs\00004_00014.ppm  1  0 0 32 27
vfs\00004_00015.ppm  1  0 0 31 28
vfs\00004_00016.ppm  1  0 0 32 28
vfs\00004_00017.ppm  1  0 0 31 28
vfs\00004_00018.ppm  1  0 0 32 28
vfs\00004_00019.ppm  1  0 0 33 27
vfs\00004_00020.ppm  1  0 0 33 27
vfs\00004_00021.ppm  1  0 0 33 28
vfs\00004_00022.ppm  1  0 0 33 27
vfs\00004_00023.ppm  1  0 0 33 27
vfs\00004_00024.ppm  1  0 0 32 29
vfs\00004_00025.ppm  1  0 0 33 29
vfs\00004_00026.ppm  1  0 0 34 31
vfs\00004_00027.ppm  1  0 0 34 31
vfs\00004_00028.ppm  1  0 0 36 31
vfs\00004_00029.ppm  1  0 0 36 32
vfs\00005_00000.ppm  1  0 0 45 39
vfs\00005_00001.ppm  1  0 0 45 42
vfs\00005_00002.ppm  1  0 0 48 44
vfs\00005_00003.ppm  1  0 0 47 45
vfs\00005_00004.ppm  1  0 0 47 45
vfs\00005_00005.ppm  1  0 0 48 46
vfs\00005_00006.ppm  1  0 0 49 48
vfs\00005_00007.ppm  1  0 0 50 52
vfs\00005_00008.ppm  1  0 0 52 52
vfs\00005_00009.ppm  1  0 0 50 52
vfs\00005_00010.ppm  1  0 0 52 53
vfs\00005_00011.ppm  1  0 0 53 54
vfs\00005_00012.ppm  1  0 0 56 55
vfs\00005_00013.ppm  1  0 0 58 58
vfs\00005_00014.ppm  1  0 0 60 60
vfs\00005_00015.ppm  1  0 0 63 62
vfs\00005_00016.ppm  1  0 0 68 65
vfs\00005_00017.ppm  1  0 0 70 67
vfs\00005_00018.ppm  1  0 0 71 70
vfs\00005_00019.ppm  1  0 0 72 71
vfs\00005_00020.ppm  1  0 0 74 72
vfs\00005_00021.ppm  1  0 0 79 76
vfs\00005_00022.ppm  1  0 0 83 81
vfs\00005_00023.ppm  1  0 0 85 81
vfs\00005_00024.ppm  1  0 0 85 82
vfs\00005_00025.ppm  1  0 0 87 84
vfs\00005_00026.ppm  1  0 0 92 88
vfs\00005_00027.ppm  1  0 0 91 88
vfs\00005_00028.ppm  1  0 0 93 93
vfs\00005_00029.ppm  1  0 0 94 93
vfs\00006_00000.ppm  1  0 0 25 25
vfs\00006_00001.ppm  1  0 0 29 26
vfs\00006_00002.ppm  1  0 0 30 28
vfs\00006_00003.ppm  1  0 0 32 29
vfs\00006_00004.ppm  1  0 0 33 32
vfs\00006_00005.ppm  1  0 0 35 34
vfs\00006_00006.ppm  1  0 0 34 34
vfs\00006_00007.ppm  1  0 0 38 37
vfs\00006_00008.ppm  1  0 0 41 42
vfs\00006_00009.ppm  1  0 0 44 44
vfs\00006_00010.ppm  1  0 0 46 47
vfs\00006_00011.ppm  1  0 0 50 50
vfs\00006_00012.ppm  1  0 0 52 52
vfs\00006_00013.ppm  1  0 0 55 55
vfs\00006_00014.ppm  1  0 0 56 56
vfs\00006_00015.ppm  1  0 0 58 59
vfs\00006_00016.ppm  1  0 0 62 62
vfs\00006_00017.ppm  1  0 0 64 67
vfs\00006_00018.ppm  1  0 0 68 68
vfs\00006_00019.ppm  1  0 0 70 67
vfs\00006_00020.ppm  1  0 0 71 70
vfs\00006_00021.ppm  1  0 0 72 70
vfs\00006_00022.ppm  1  0 0 70 70
vfs\00006_00023.ppm  1  0 0 71 70
vfs\00006_00024.ppm  1  0 0 72 71
vfs\00006_00025.ppm  1  0 0 73 74
vfs\00006_00026.ppm  1  0 0 75 76
vfs\00006_00027.ppm  1  0 0 80 81
vfs\00006_00028.ppm  1  0 0 87 86
vfs\00006_00029.ppm  1  0 0 98 97
vfs\00007_00000.ppm  1  0 0 31 33
vfs\00007_00001.ppm  1  0 0 31 32
vfs\00007_00002.ppm  1  0 0 31 33
vfs\00007_00003.ppm  1  0 0 33 33
vfs\00007_00004.ppm  1  0 0 34 34
vfs\00007_00005.ppm  1  0 0 35 36
vfs\00007_00006.ppm  1  0 0 35 36
vfs\00007_00007.ppm  1  0 0 35 35
vfs\00007_00008.ppm  1  0 0 34 36
vfs\00007_00009.ppm  1  0 0 35 38
vfs\00007_00010.ppm  1  0 0 37 39
vfs\00007_00011.ppm  1  0 0 39 40
vfs\00007_00012.ppm  1  0 0 39 40
vfs\00007_00013.ppm  1  0 0 40 42
vfs\00007_00014.ppm  1  0 0 42 45
vfs\00007_00015.ppm  1  0 0 45 46
vfs\00007_00016.ppm  1  0 0 48 48
vfs\00007_00017.ppm  1  0 0 49 48
vfs\00007_00018.ppm  1  0 0 51 51
vfs\00007_00019.ppm  1  0 0 52 52
vfs\00007_00020.ppm  1  0 0 55 54
vfs\00007_00021.ppm  1  0 0 58 56
vfs\00007_00022.ppm  1  0 0 60 58
vfs\00007_00023.ppm  1  0 0 64 62
vfs\00007_00024.ppm  1  0 0 69 65
vfs\00007_00025.ppm  1  0 0 71 74
vfs\00007_00026.ppm  1  0 0 76 79
vfs\00007_00027.ppm  1  0 0 83 83
vfs\00007_00028.ppm  1  0 0 88 85
vfs\00007_00029.ppm  1  0 0 99 97
vfs\00008_00000.ppm  1  0 0 30 30
vfs\00008_00001.ppm  1  0 0 31 31
vfs\00008_00002.ppm  1  0 0 30 31
vfs\00008_00003.ppm  1  0 0 32 31
vfs\00008_00004.ppm  1  0 0 33 32
vfs\00008_00005.ppm  1  0 0 34 34
vfs\00008_00006.ppm  1  0 0 35 34
vfs\00008_00007.ppm  1  0 0 35 35
vfs\00008_00008.ppm  1  0 0 37 37
vfs\00008_00009.ppm  1  0 0 38 38
vfs\00008_00010.ppm  1  0 0 39 38
vfs\00008_00011.ppm  1  0 0 40 40
vfs\00008_00012.ppm  1  0 0 41 41
vfs\00008_00013.ppm  1  0 0 40 42
vfs\00008_00014.ppm  1  0 0 43 44
vfs\00008_00015.ppm  1  0 0 43 46
vfs\00008_00016.ppm  1  0 0 47 46
vfs\00008_00017.ppm  1  0 0 48 49
vfs\00008_00018.ppm  1  0 0 52 52
vfs\00008_00019.ppm  1  0 0 53 54
vfs\00008_00020.ppm  1  0 0 58 59
vfs\00008_00021.ppm  1  0 0 60 61
vfs\00008_00022.ppm  1  0 0 65 69
vfs\00008_00023.ppm  1  0 0 70 73
vfs\00008_00024.ppm  1  0 0 80 82
vfs\00008_00025.ppm  1  0 0 90 92
vfs\00008_00026.ppm  1  0 0 105 104
vfs\00008_00027.ppm  1  0 0 121 120
vfs\00008_00028.ppm  1  0 0 148 145
vfs\00008_00029.ppm  1  0 0 185 183
vfs\00009_00000.ppm  1  0 0 32 32
vfs\00009_00001.ppm  1  0 0 33 32
vfs\00009_00002.ppm  1  0 0 34 33
vfs\00009_00003.ppm  1  0 0 34 32
vfs\00009_00004.ppm  1  0 0 33 33
vfs\00009_00005.ppm  1  0 0 33 34
vfs\00009_00006.ppm  1  0 0 35 35
vfs\00009_00007.ppm  1  0 0 34 34
vfs\00009_00008.ppm  1  0 0 34 35
vfs\00009_00009.ppm  1  0 0 35 35
vfs\00009_00010.ppm  1  0 0 35 37
vfs\00009_00011.ppm  1  0 0 36 37
vfs\00009_00012.ppm  1  0 0 39 39
vfs\00009_00013.ppm  1  0 0 40 40
vfs\00009_00014.ppm  1  0 0 40 40
vfs\00009_00015.ppm  1  0 0 41 42
vfs\00009_00016.ppm  1  0 0 44 43
vfs\00009_00017.ppm  1  0 0 46 45
vfs\00009_00018.ppm  1  0 0 47 47
vfs\00009_00019.ppm  1  0 0 50 49
vfs\00009_00020.ppm  1  0 0 52 52
vfs\00009_00021.ppm  1  0 0 54 54
vfs\00009_00022.ppm  1  0 0 55 57
vfs\00009_00023.ppm  1  0 0 61 59
vfs\00009_00024.ppm  1  0 0 65 64
vfs\00009_00025.ppm  1  0 0 69 68
vfs\00009_00026.ppm  1  0 0 74 74
vfs\00009_00027.ppm  1  0 0 86 85
vfs\00009_00028.ppm  1  0 0 93 96
vfs\00009_00029.ppm  1  0 0 103 105
vfs\00010_00000.ppm  1  0 0 35 30
vfs\00010_00001.ppm  1  0 0 35 29
vfs\00010_00002.ppm  1  0 0 36 31
vfs\00010_00003.ppm  1  0 0 35 32
vfs\00010_00004.ppm  1  0 0 37 34
vfs\00010_00005.ppm  1  0 0 37 33
vfs\00010_00006.ppm  1  0 0 38 34
vfs\00010_00007.ppm  1  0 0 40 35
vfs\00010_00008.ppm  1  0 0 39 35
vfs\00010_00009.ppm  1  0 0 41 36
vfs\00010_00010.ppm  1  0 0 41 38
vfs\00010_00011.ppm  1  0 0 43 39
vfs\00010_00012.ppm  1  0 0 45 38
vfs\00010_00013.ppm  1  0 0 48 40
vfs\00010_00014.ppm  1  0 0 50 41
vfs\00010_00015.ppm  1  0 0 53 43
vfs\00010_00016.ppm  1  0 0 53 45
vfs\00010_00017.ppm  1  0 0 57 47
vfs\00010_00018.ppm  1  0 0 57 49
vfs\00010_00019.ppm  1  0 0 59 51
vfs\00010_00020.ppm  1  0 0 63 55
vfs\00010_00021.ppm  1  0 0 68 56
vfs\00010_00022.ppm  1  0 0 72 59
vfs\00010_00023.ppm  1  0 0 77 63
vfs\00010_00024.ppm  1  0 0 85 71
vfs\00010_00025.ppm  1  0 0 93 76
vfs\00010_00026.ppm  1  0 0 101 84
vfs\00010_00027.ppm  1  0 0 111 95
vfs\00010_00028.ppm  1  0 0 127 106
vfs\00010_00029.ppm  1  0 0 144 122
vfs\00011_00000.ppm  1  0 0 35 37
vfs\00011_00001.ppm  1  0 0 36 39
vfs\00011_00002.ppm  1  0 0 37 40
vfs\00011_00003.ppm  1  0 0 38 40
vfs\00011_00004.ppm  1  0 0 38 40
vfs\00011_00005.ppm  1  0 0 41 42
vfs\00011_00006.ppm  1  0 0 40 42
vfs\00011_00007.ppm  1  0 0 42 43
vfs\00011_00008.ppm  1  0 0 44 43
vfs\00011_00009.ppm  1  0 0 46 45
vfs\00011_00010.ppm  1  0 0 47 47
vfs\00011_00011.ppm  1  0 0 47 48
vfs\00011_00012.ppm  1  0 0 49 50
vfs\00011_00013.ppm  1  0 0 49 53
vfs\00011_00014.ppm  1  0 0 52 55
vfs\00011_00015.ppm  1  0 0 54 55
vfs\00011_00016.ppm  1  0 0 57 58
vfs\00011_00017.ppm  1  0 0 60 61
vfs\00011_00018.ppm  1  0 0 60 63
vfs\00011_00019.ppm  1  0 0 63 69
vfs\00011_00020.ppm  1  0 0 64 70
vfs\00011_00021.ppm  1  0 0 70 73
vfs\00011_00022.ppm  1  0 0 74 79
vfs\00011_00023.ppm  1  0 0 82 85
vfs\00011_00024.ppm  1  0 0 88 94
vfs\00011_00025.ppm  1  0 0 98 100
vfs\00011_00026.ppm  1  0 0 108 110
vfs\00011_00027.ppm  1  0 0 120 119
vfs\00011_00028.ppm  1  0 0 133 134
vfs\00011_00029.ppm  1  0 0 156 154
vfs\00012_00000.ppm  1  0 0 32 32
vfs\00012_00001.ppm  1  0 0 33 34
vfs\00012_00002.ppm  1  0 0 33 33
vfs\00012_00003.ppm  1  0 0 34 34
vfs\00012_00004.ppm  1  0 0 35 35
vfs\00012_00005.ppm  1  0 0 36 34
vfs\00012_00006.ppm  1  0 0 35 35
vfs\00012_00007.ppm  1  0 0 36 35
vfs\00012_00008.ppm  1  0 0 38 37
vfs\00012_00009.ppm  1  0 0 38 38
vfs\00012_00010.ppm  1  0 0 40 39
vfs\00012_00011.ppm  1  0 0 42 40
vfs\00012_00012.ppm  1  0 0 42 41
vfs\00012_00013.ppm  1  0 0 45 45
vfs\00012_00014.ppm  1  0 0 46 45
vfs\00012_00015.ppm  1  0 0 47 47
vfs\00012_00016.ppm  1  0 0 49 49
vfs\00012_00017.ppm  1  0 0 53 52
vfs\00012_00018.ppm  1  0 0 54 54
vfs\00012_00019.ppm  1  0 0 58 57
vfs\00012_00020.ppm  1  0 0 62 61
vfs\00012_00021.ppm  1  0 0 64 65
vfs\00012_00022.ppm  1  0 0 70 70
vfs\00012_00023.ppm  1  0 0 75 75
vfs\00012_00024.ppm  1  0 0 81 84
vfs\00012_00025.ppm  1  0 0 92 94
vfs\00012_00026.ppm  1  0 0 106 104
vfs\00012_00027.ppm  1  0 0 124 123
vfs\00012_00028.ppm  1  0 0 143 141
vfs\00012_00029.ppm  1  0 0 178 176
vfs\00013_00000.ppm  1  0 0 26 27
vfs\00013_00001.ppm  1  0 0 27 27
vfs\00013_00002.ppm  1  0 0 27 27
vfs\00013_00003.ppm  1  0 0 27 28
vfs\00013_00004.ppm  1  0 0 28 28
vfs\00013_00005.ppm  1  0 0 30 30
vfs\00013_00006.ppm  1  0 0 30 30
vfs\00013_00007.ppm  1  0 0 31 29
vfs\00013_00008.ppm  1  0 0 31 30
vfs\00013_00009.ppm  1  0 0 33 32
vfs\00013_00010.ppm  1  0 0 32 32
vfs\00013_00011.ppm  1  0 0 34 34
vfs\00013_00012.ppm  1  0 0 35 34
vfs\00013_00013.ppm  1  0 0 36 37
vfs\00013_00014.ppm  1  0 0 37 37
vfs\00013_00015.ppm  1  0 0 36 37
vfs\00013_00016.ppm  1  0 0 37 37
vfs\00013_00017.ppm  1  0 0 39 39
vfs\00013_00018.ppm  1  0 0 41 40
vfs\00013_00019.ppm  1  0 0 41 41
vfs\00013_00020.ppm  1  0 0 43 43
vfs\00013_00021.ppm  1  0 0 45 46
vfs\00013_00022.ppm  1  0 0 48 49
vfs\00013_00023.ppm  1  0 0 51 51
vfs\00013_00024.ppm  1  0 0 54 54
vfs\00013_00025.ppm  1  0 0 57 58
vfs\00013_00026.ppm  1  0 0 60 60
vfs\00013_00027.ppm  1  0 0 68 67
vfs\00013_00028.ppm  1  0 0 76 77
vfs\00013_00029.ppm  1  0 0 86 94
vfs\00014_00000.ppm  1  0 0 34 33
vfs\00014_00001.ppm  1  0 0 35 33
vfs\00014_00002.ppm  1  0 0 34 35
vfs\00014_00003.ppm  1  0 0 34 36
vfs\00014_00004.ppm  1  0 0 37 38
vfs\00014_00005.ppm  1  0 0 36 35
vfs\00014_00006.ppm  1  0 0 35 35
vfs\00014_00007.ppm  1  0 0 36 36
vfs\00014_00008.ppm  1  0 0 36 36
vfs\00014_00009.ppm  1  0 0 37 34
vfs\00014_00010.ppm  1  0 0 39 37
vfs\00014_00011.ppm  1  0 0 41 40
vfs\00014_00012.ppm  1  0 0 41 40
vfs\00014_00013.ppm  1  0 0 41 39
vfs\00014_00014.ppm  1  0 0 42 41
vfs\00014_00015.ppm  1  0 0 44 44
vfs\00014_00016.ppm  1  0 0 46 46
vfs\00014_00017.ppm  1  0 0 48 47
vfs\00014_00018.ppm  1  0 0 52 51
vfs\00014_00019.ppm  1  0 0 54 54
vfs\00014_00020.ppm  1  0 0 57 56
vfs\00014_00021.ppm  1  0 0 59 58
vfs\00014_00022.ppm  1  0 0 63 63
vfs\00014_00023.ppm  1  0 0 68 67
vfs\00014_00024.ppm  1  0 0 73 73
vfs\00014_00025.ppm  1  0 0 81 80
vfs\00014_00026.ppm  1  0 0 85 84
vfs\00014_00027.ppm  1  0 0 95 97
vfs\00014_00028.ppm  1  0 0 108 110
vfs\00014_00029.ppm  1  0 0 129 129
vfs\00015_00000.ppm  1  0 0 34 37
vfs\00015_00001.ppm  1  0 0 35 37
vfs\00015_00002.ppm  1  0 0 34 37
vfs\00015_00003.ppm  1  0 0 36 37
vfs\00015_00004.ppm  1  0 0 36 37
vfs\00015_00005.ppm  1  0 0 37 39
vfs\00015_00006.ppm  1  0 0 38 40
vfs\00015_00007.ppm  1  0 0 40 41
vfs\00015_00008.ppm  1  0 0 40 41
vfs\00015_00009.ppm  1  0 0 40 42
vfs\00015_00010.ppm  1  0 0 40 42
vfs\00015_00011.ppm  1  0 0 41 43
vfs\00015_00012.ppm  1  0 0 41 43
vfs\00015_00013.ppm  1  0 0 41 44
vfs\00015_00014.ppm  1  0 0 44 46
vfs\00015_00015.ppm  1  0 0 44 45
vfs\00015_00016.ppm  1  0 0 47 48
vfs\00015_00017.ppm  1  0 0 48 49
vfs\00015_00018.ppm  1  0 0 48 51
vfs\00015_00019.ppm  1  0 0 52 55
vfs\00015_00020.ppm  1  0 0 52 55
vfs\00015_00021.ppm  1  0 0 54 57
vfs\00015_00022.ppm  1  0 0 55 57
vfs\00015_00023.ppm  1  0 0 56 57
vfs\00015_00024.ppm  1  0 0 57 61
vfs\00015_00025.ppm  1  0 0 61 62
vfs\00015_00026.ppm  1  0 0 61 63
vfs\00015_00027.ppm  1  0 0 63 68
vfs\00015_00028.ppm  1  0 0 64 68
vfs\00015_00029.ppm  1  0 0 71 72
vfs\00016_00000.ppm  1  0 0 27 28
vfs\00016_00001.ppm  1  0 0 28 28
vfs\00016_00002.ppm  1  0 0 28 28
vfs\00016_00003.ppm  1  0 0 29 28
vfs\00016_00004.ppm  1  0 0 28 29
vfs\00016_00005.ppm  1  0 0 29 30
vfs\00016_00006.ppm  1  0 0 31 30
vfs\00016_00007.ppm  1  0 0 30 31
vfs\00016_00008.ppm  1  0 0 31 32
vfs\00016_00009.ppm  1  0 0 33 32
vfs\00016_00010.ppm  1  0 0 32 32
vfs\00016_00011.ppm  1  0 0 34 33
vfs\00016_00012.ppm  1  0 0 34 34
vfs\00016_00013.ppm  1  0 0 35 36
vfs\00016_00014.ppm  1  0 0 38 36
vfs\00016_00015.ppm  1  0 0 38 37
vfs\00016_00016.ppm  1  0 0 40 39
vfs\00016_00017.ppm  1  0 0 40 39
vfs\00016_00018.ppm  1  0 0 40 40
vfs\00016_00019.ppm  1  0 0 42 41
vfs\00016_00020.ppm  1  0 0 43 43
vfs\00016_00021.ppm  1  0 0 44 43
vfs\00016_00022.ppm  1  0 0 45 45
vfs\00016_00023.ppm  1  0 0 48 46
vfs\00016_00024.ppm  1  0 0 49 48
vfs\00016_00025.ppm  1  0 0 52 51
vfs\00016_00026.ppm  1  0 0 53 52
vfs\00016_00027.ppm  1  0 0 55 55
vfs\00016_00028.ppm  1  0 0 59 59
vfs\00016_00029.ppm  1  0 0 60 56
vfs\00017_00000.ppm  1  0 0 31 32
vfs\00017_00001.ppm  1  0 0 30 32
vfs\00017_00002.ppm  1  0 0 31 30
vfs\00017_00003.ppm  1  0 0 31 31
vfs\00017_00004.ppm  1  0 0 33 33
vfs\00017_00005.ppm  1  0 0 36 35
vfs\00017_00006.ppm  1  0 0 36 36
vfs\00017_00007.ppm  1  0 0 36 36
vfs\00017_00008.ppm  1  0 0 38 37
vfs\00017_00009.ppm  1  0 0 38 38
vfs\00017_00010.ppm  1  0 0 40 40
vfs\00017_00011.ppm  1  0 0 41 40
vfs\00017_00012.ppm  1  0 0 42 41
vfs\00017_00013.ppm  1  0 0 43 43
vfs\00017_00014.ppm  1  0 0 45 45
vfs\00017_00015.ppm  1  0 0 47 46
vfs\00017_00016.ppm  1  0 0 47 47
vfs\00017_00017.ppm  1  0 0 50 49
vfs\00017_00018.ppm  1  0 0 53 52
vfs\00017_00019.ppm  1  0 0 58 57
vfs\00017_00020.ppm  1  0 0 59 59
vfs\00017_00021.ppm  1  0 0 61 62
vfs\00017_00022.ppm  1  0 0 68 67
vfs\00017_00023.ppm  1  0 0 70 70
vfs\00017_00024.ppm  1  0 0 74 75
vfs\00017_00025.ppm  1  0 0 81 82
vfs\00017_00026.ppm  1  0 0 86 86
vfs\00017_00027.ppm  1  0 0 98 97
vfs\00017_00028.ppm  1  0 0 108 107
vfs\00017_00029.ppm  1  0 0 118 116
vfs\00018_00000.ppm  1  0 0 30 31
vfs\00018_00001.ppm  1  0 0 31 32
vfs\00018_00002.ppm  1  0 0 31 30
vfs\00018_00003.ppm  1  0 0 31 32
vfs\00018_00004.ppm  1  0 0 34 34
vfs\00018_00005.ppm  1  0 0 35 34
vfs\00018_00006.ppm  1  0 0 34 34
vfs\00018_00007.ppm  1  0 0 36 37
vfs\00018_00008.ppm  1  0 0 38 39
vfs\00018_00009.ppm  1  0 0 38 38
vfs\00018_00010.ppm  1  0 0 40 40
vfs\00018_00011.ppm  1  0 0 43 42
vfs\00018_00012.ppm  1  0 0 43 43
vfs\00018_00013.ppm  1  0 0 42 43
vfs\00018_00014.ppm  1  0 0 47 47
vfs\00018_00015.ppm  1  0 0 48 49
vfs\00018_00016.ppm  1  0 0 49 48
vfs\00018_00017.ppm  1  0 0 53 53
vfs\00018_00018.ppm  1  0 0 57 57
vfs\00018_00019.ppm  1  0 0 58 58
vfs\00018_00020.ppm  1  0 0 60 60
vfs\00018_00021.ppm  1  0 0 65 65
vfs\00018_00022.ppm  1  0 0 68 69
vfs\00018_00023.ppm  1  0 0 74 75
vfs\00018_00024.ppm  1  0 0 81 81
vfs\00018_00025.ppm  1  0 0 83 84
vfs\00018_00026.ppm  1  0 0 98 101
vfs\00018_00027.ppm  1  0 0 104 110
vfs\00018_00028.ppm  1  0 0 116 120
vfs\00018_00029.ppm  1  0 0 145 155
vfs\00019_00000.ppm  1  0 0 27 28
vfs\00019_00001.ppm  1  0 0 27 30
vfs\00019_00002.ppm  1  0 0 29 30
vfs\00019_00003.ppm  1  0 0 29 30
vfs\00019_00004.ppm  1  0 0 30 31
vfs\00019_00005.ppm  1  0 0 33 32
vfs\00019_00006.ppm  1  0 0 32 33
vfs\00019_00007.ppm  1  0 0 33 32
vfs\00019_00008.ppm  1  0 0 35 34
vfs\00019_00009.ppm  1  0 0 35 34
vfs\00019_00010.ppm  1  0 0 38 36
vfs\00019_00011.ppm  1  0 0 37 36
vfs\00019_00012.ppm  1  0 0 37 38
vfs\00019_00013.ppm  1  0 0 38 39
vfs\00019_00014.ppm  1  0 0 42 41
vfs\00019_00015.ppm  1  0 0 42 41
vfs\00019_00016.ppm  1  0 0 46 43
vfs\00019_00017.ppm  1  0 0 45 46
vfs\00019_00018.ppm  1  0 0 51 51
vfs\00019_00019.ppm  1  0 0 51 51
vfs\00019_00020.ppm  1  0 0 55 54
vfs\00019_00021.ppm  1  0 0 60 59
vfs\00019_00022.ppm  1  0 0 65 63
vfs\00019_00023.ppm  1  0 0 72 69
vfs\00019_00024.ppm  1  0 0 75 74
vfs\00019_00025.ppm  1  0 0 84 85
vfs\00019_00026.ppm  1  0 0 94 96
vfs\00019_00027.ppm  1  0 0 117 117
vfs\00019_00028.ppm  1  0 0 130 130
vfs\00019_00029.ppm  1  0 0 169 165
vfs\00020_00000.ppm  1  0 0 29 27
vfs\00020_00001.ppm  1  0 0 30 29
vfs\00020_00002.ppm  1  0 0 31 31
vfs\00020_00003.ppm  1  0 0 31 31
vfs\00020_00004.ppm  1  0 0 30 32
vfs\00020_00005.ppm  1  0 0 31 33
vfs\00020_00006.ppm  1  0 0 30 31
vfs\00020_00007.ppm  1  0 0 31 33
vfs\00020_00008.ppm  1  0 0 32 35
vfs\00020_00009.ppm  1  0 0 32 34
vfs\00020_00010.ppm  1  0 0 33 35
vfs\00020_00011.ppm  1  0 0 35 37
vfs\00020_00012.ppm  1  0 0 34 38
vfs\00020_00013.ppm  1  0 0 36 37
vfs\00020_00014.ppm  1  0 0 37 41
vfs\00020_00015.ppm  1  0 0 37 40
vfs\00020_00016.ppm  1  0 0 40 40
vfs\00020_00017.ppm  1  0 0 39 42
vfs\00020_00018.ppm  1  0 0 41 43
vfs\00020_00019.ppm  1  0 0 42 44
vfs\00020_00020.ppm  1  0 0 43 48
vfs\00020_00021.ppm  1  0 0 48 48
vfs\00020_00022.ppm  1  0 0 51 51
vfs\00020_00023.ppm  1  0 0 52 52
vfs\00020_00024.ppm  1  0 0 54 55
vfs\00020_00025.ppm  1  0 0 57 57
vfs\00020_00026.ppm  1  0 0 60 61
vfs\00020_00027.ppm  1  0 0 67 63
vfs\00020_00028.ppm  1  0 0 70 67
vfs\00020_00029.ppm  1  0 0 73 71
vfs\00021_00000.ppm  1  0 0 38 41
vfs\00021_00001.ppm  1  0 0 38 42
vfs\00021_00002.ppm  1  0 0 38 41
vfs\00021_00003.ppm  1  0 0 39 41
vfs\00021_00004.ppm  1  0 0 40 40
vfs\00021_00005.ppm  1  0 0 40 42
vfs\00021_00006.ppm  1  0 0 41 43
vfs\00021_00007.ppm  1  0 0 42 44
vfs\00021_00008.ppm  1  0 0 44 45
vfs\00021_00009.ppm  1  0 0 42 45
vfs\00021_00010.ppm  1  0 0 43 45
vfs\00021_00011.ppm  1  0 0 44 46
vfs\00021_00012.ppm  1  0 0 46 48
vfs\00021_00013.ppm  1  0 0 48 49
vfs\00021_00014.ppm  1  0 0 50 51
vfs\00021_00015.ppm  1  0 0 52 52
vfs\00021_00016.ppm  1  0 0 52 53
vfs\00021_00017.ppm  1  0 0 52 54
vfs\00021_00018.ppm  1  0 0 52 53
vfs\00021_00019.ppm  1  0 0 55 57
vfs\00021_00020.ppm  1  0 0 57 57
vfs\00021_00021.ppm  1  0 0 56 59
vfs\00021_00022.ppm  1  0 0 58 60
vfs\00021_00023.ppm  1  0 0 60 62
vfs\00021_00024.ppm  1  0 0 61 63
vfs\00021_00025.ppm  1  0 0 63 69
vfs\00021_00026.ppm  1  0 0 64 71
vfs\00021_00027.ppm  1  0 0 70 74
vfs\00021_00028.ppm  1  0 0 73 76
vfs\00021_00029.ppm  1  0 0 76 81
vfs\00022_00000.ppm  1  0 0 34 34
vfs\00022_00001.ppm  1  0 0 35 34
vfs\00022_00002.ppm  1  0 0 34 35
vfs\00022_00003.ppm  1  0 0 34 34
vfs\00022_00004.ppm  1  0 0 35 35
vfs\00022_00005.ppm  1  0 0 36 36
vfs\00022_00006.ppm  1  0 0 37 36
vfs\00022_00007.ppm  1  0 0 37 36
vfs\00022_00008.ppm  1  0 0 39 38
vfs\00022_00009.ppm  1  0 0 39 37
vfs\00022_00010.ppm  1  0 0 40 38
vfs\00022_00011.ppm  1  0 0 40 38
vfs\00022_00012.ppm  1  0 0 40 38
vfs\00022_00013.ppm  1  0 0 42 41
vfs\00022_00014.ppm  1  0 0 42 42
vfs\00022_00015.ppm  1  0 0 44 43
vfs\00022_00016.ppm  1  0 0 46 45
vfs\00022_00017.ppm  1  0 0 47 45
vfs\00022_00018.ppm  1  0 0 48 48
vfs\00022_00019.ppm  1  0 0 50 49
vfs\00022_00020.ppm  1  0 0 51 49
vfs\00022_00021.ppm  1  0 0 52 51
vfs\00022_00022.ppm  1  0 0 54 53
vfs\00022_00023.ppm  1  0 0 58 55
vfs\00022_00024.ppm  1  0 0 60 59
vfs\00022_00025.ppm  1  0 0 64 61
vfs\00022_00026.ppm  1  0 0 68 64
vfs\00022_00027.ppm  1  0 0 71 68
vfs\00022_00028.ppm  1  0 0 73 70
vfs\00022_00029.ppm  1  0 0 81 76
vfs\00023_00000.ppm  1  0 0 31 32
vfs\00023_00001.ppm  1  0 0 31 31
vfs\00023_00002.ppm  1  0 0 32 32
vfs\00023_00003.ppm  1  0 0 32 32
vfs\00023_00004.ppm  1  0 0 32 32
vfs\00023_00005.ppm  1  0 0 34 35
vfs\00023_00006.ppm  1  0 0 34 35
vfs\00023_00007.ppm  1  0 0 35 36
vfs\00023_00008.ppm  1  0 0 37 38
vfs\00023_00009.ppm  1  0 0 37 37
vfs\00023_00010.ppm  1  0 0 36 36
vfs\00023_00011.ppm  1  0 0 38 38
vfs\00023_00012.ppm  1  0 0 41 42
vfs\00023_00013.ppm  1  0 0 41 42
vfs\00023_00014.ppm  1  0 0 40 41
vfs\00023_00015.ppm  1  0 0 43 44
vfs\00023_00016.ppm  1  0 0 43 43
vfs\00023_00017.ppm  1  0 0 44 45
vfs\00023_00018.ppm  1  0 0 46 44
vfs\00023_00019.ppm  1  0 0 49 47
vfs\00023_00020.ppm  1  0 0 49 48
vfs\00023_00021.ppm  1  0 0 52 49
vfs\00023_00022.ppm  1  0 0 54 52
vfs\00023_00023.ppm  1  0 0 58 57
vfs\00023_00024.ppm  1  0 0 61 58
vfs\00023_00025.ppm  1  0 0 62 60
vfs\00023_00026.ppm  1  0 0 68 62
vfs\00023_00027.ppm  1  0 0 70 67
vfs\00023_00028.ppm  1  0 0 76 71
vfs\00023_00029.ppm  1  0 0 83 81
vfs\00024_00000.ppm  1  0 0 40 41
vfs\00024_00001.ppm  1  0 0 43 43
vfs\00024_00002.ppm  1  0 0 45 45
vfs\00024_00003.ppm  1  0 0 45 44
vfs\00024_00004.ppm  1  0 0 45 44
vfs\00024_00005.ppm  1  0 0 45 45
vfs\00024_00006.ppm  1  0 0 47 46
vfs\00024_00007.ppm  1  0 0 49 48
vfs\00024_00008.ppm  1  0 0 48 49
vfs\00024_00009.ppm  1  0 0 51 50
vfs\00024_00010.ppm  1  0 0 51 50
vfs\00024_00011.ppm  1  0 0 51 50
vfs\00024_00012.ppm  1  0 0 51 51
vfs\00024_00013.ppm  1  0 0 50 50
vfs\00024_00014.ppm  1  0 0 53 52
vfs\00024_00015.ppm  1  0 0 53 52
vfs\00024_00016.ppm  1  0 0 52 52
vfs\00024_00017.ppm  1  0 0 55 54
vfs\00024_00018.ppm  1  0 0 57 56
vfs\00024_00019.ppm  1  0 0 57 56
vfs\00024_00020.ppm  1  0 0 59 58
vfs\00024_00021.ppm  1  0 0 60 61
vfs\00024_00022.ppm  1  0 0 64 65
vfs\00024_00023.ppm  1  0 0 68 69
vfs\00024_00024.ppm  1  0 0 71 70
vfs\00024_00025.ppm  1  0 0 71 70
vfs\00024_00026.ppm  1  0 0 74 75
vfs\00024_00027.ppm  1  0 0 82 82
vfs\00024_00028.ppm  1  0 0 85 85
vfs\00024_00029.ppm  1  0 0 88 89
vfs\00025_00000.ppm  1  0 0 31 34
vfs\00025_00001.ppm  1  0 0 31 36
vfs\00025_00002.ppm  1  0 0 30 37
vfs\00025_00003.ppm  1  0 0 32 41
vfs\00025_00004.ppm  1  0 0 34 39
vfs\00025_00005.ppm  1  0 0 34 39
vfs\00025_00006.ppm  1  0 0 33 39
vfs\00025_00007.ppm  1  0 0 35 40
vfs\00025_00008.ppm  1  0 0 33 40
vfs\00025_00009.ppm  1  0 0 36 42
vfs\00025_00010.ppm  1  0 0 36 43
vfs\00025_00011.ppm  1  0 0 40 44
vfs\00025_00012.ppm  1  0 0 40 44
vfs\00025_00013.ppm  1  0 0 44 49
vfs\00025_00014.ppm  1  0 0 44 49
vfs\00025_00015.ppm  1  0 0 43 49
vfs\00025_00016.ppm  1  0 0 44 50
vfs\00025_00017.ppm  1  0 0 47 52
vfs\00025_00018.ppm  1  0 0 49 54
vfs\00025_00019.ppm  1  0 0 51 57
vfs\00025_00020.ppm  1  0 0 55 61
vfs\00025_00021.ppm  1  0 0 57 62
vfs\00025_00022.ppm  1  0 0 62 64
vfs\00025_00023.ppm  1  0 0 63 68
vfs\00025_00024.ppm  1  0 0 71 71
vfs\00025_00025.ppm  1  0 0 74 76
vfs\00025_00026.ppm  1  0 0 81 82
vfs\00025_00027.ppm  1  0 0 86 87
vfs\00025_00028.ppm  1  0 0 92 93
vfs\00025_00029.ppm  1  0 0 105 108
vfs\00026_00000.ppm  1  0 0 30 30
vfs\00026_00001.ppm  1  0 0 31 31
vfs\00026_00002.ppm  1  0 0 32 31
vfs\00026_00003.ppm  1  0 0 32 31
vfs\00026_00004.ppm  1  0 0 31 32
vfs\00026_00005.ppm  1  0 0 32 31
vfs\00026_00006.ppm  1  0 0 34 34
vfs\00026_00007.ppm  1  0 0 34 33
vfs\00026_00008.ppm  1  0 0 35 34
vfs\00026_00009.ppm  1  0 0 36 35
vfs\00026_00010.ppm  1  0 0 36 37
vfs\00026_00011.ppm  1  0 0 35 36
vfs\00026_00012.ppm  1  0 0 39 39
vfs\00026_00013.ppm  1  0 0 39 39
vfs\00026_00014.ppm  1  0 0 39 38
vfs\00026_00015.ppm  1  0 0 43 42
vfs\00026_00016.ppm  1  0 0 43 43
vfs\00026_00017.ppm  1  0 0 46 47
vfs\00026_00018.ppm  1  0 0 49 49
vfs\00026_00019.ppm  1  0 0 49 50
vfs\00026_00020.ppm  1  0 0 53 53
vfs\00026_00021.ppm  1  0 0 53 53
vfs\00026_00022.ppm  1  0 0 55 56
vfs\00026_00023.ppm  1  0 0 62 62
vfs\00026_00024.ppm  1  0 0 68 68
vfs\00026_00025.ppm  1  0 0 74 74
vfs\00026_00026.ppm  1  0 0 88 87
vfs\00026_00027.ppm  1  0 0 103 103
vfs\00026_00028.ppm  1  0 0 112 112
vfs\00026_00029.ppm  1  0 0 124 125
vfs\00027_00000.ppm  1  0 0 36 36
vfs\00027_00001.ppm  1  0 0 34 35
vfs\00027_00002.ppm  1  0 0 35 35
vfs\00027_00003.ppm  1  0 0 35 34
vfs\00027_00004.ppm  1  0 0 36 36
vfs\00027_00005.ppm  1  0 0 40 40
vfs\00027_00006.ppm  1  0 0 40 39
vfs\00027_00007.ppm  1  0 0 40 39
vfs\00027_00008.ppm  1  0 0 40 39
vfs\00027_00009.ppm  1  0 0 43 43
vfs\00027_00010.ppm  1  0 0 46 45
vfs\00027_00011.ppm  1  0 0 45 46
vfs\00027_00012.ppm  1  0 0 46 47
vfs\00027_00013.ppm  1  0 0 48 47
vfs\00027_00014.ppm  1  0 0 48 47
vfs\00027_00015.ppm  1  0 0 48 49
vfs\00027_00016.ppm  1  0 0 49 49
vfs\00027_00017.ppm  1  0 0 48 49
vfs\00027_00018.ppm  1  0 0 49 49
vfs\00027_00019.ppm  1  0 0 51 51
vfs\00027_00020.ppm  1  0 0 53 52
vfs\00027_00021.ppm  1  0 0 57 56
vfs\00027_00022.ppm  1  0 0 56 57
vfs\00027_00023.ppm  1  0 0 59 60
vfs\00027_00024.ppm  1  0 0 60 60
vfs\00027_00025.ppm  1  0 0 62 62
vfs\00027_00026.ppm  1  0 0 64 64
vfs\00027_00027.ppm  1  0 0 72 72
vfs\00027_00028.ppm  1  0 0 80 80
vfs\00027_00029.ppm  1  0 0 82 83
vfs\00028_00000.ppm  1  0 0 28 27
vfs\00028_00001.ppm  1  0 0 28 28
vfs\00028_00002.ppm  1  0 0 29 29
vfs\00028_00003.ppm  1  0 0 28 28
vfs\00028_00004.ppm  1  0 0 28 29
vfs\00028_00005.ppm  1  0 0 31 32
vfs\00028_00006.ppm  1  0 0 31 30
vfs\00028_00007.ppm  1  0 0 31 32
vfs\00028_00008.ppm  1  0 0 32 32
vfs\00028_00009.ppm  1  0 0 31 30
vfs\00028_00010.ppm  1  0 0 34 33
vfs\00028_00011.ppm  1  0 0 33 33
vfs\00028_00012.ppm  1  0 0 33 34
vfs\00028_00013.ppm  1  0 0 33 33
vfs\00028_00014.ppm  1  0 0 36 35
vfs\00028_00015.ppm  1  0 0 35 35
vfs\00028_00016.ppm  1  0 0 35 34
vfs\00028_00017.ppm  1  0 0 37 37
vfs\00028_00018.ppm  1  0 0 42 42
vfs\00028_00019.ppm  1  0 0 42 42
vfs\00028_00020.ppm  1  0 0 44 44
vfs\00028_00021.ppm  1  0 0 48 48
vfs\00028_00022.ppm  1  0 0 50 50
vfs\00028_00023.ppm  1  0 0 54 54
vfs\00028_00024.ppm  1  0 0 58 58
vfs\00028_00025.ppm  1  0 0 63 63
vfs\00028_00026.ppm  1  0 0 70 70
vfs\00028_00027.ppm  1  0 0 91 91
vfs\00028_00028.ppm  1  0 0 101 101
vfs\00028_00029.ppm  1  0 0 123 124
vfs\00029_00000.ppm  1  0 0 40 38
vfs\00029_00001.ppm  1  0 0 40 39
vfs\00029_00002.ppm  1  0 0 40 40
vfs\00029_00003.ppm  1  0 0 42 40
vfs\00029_00004.ppm  1  0 0 43 41
vfs\00029_00005.ppm  1  0 0 44 41
vfs\00029_00006.ppm  1  0 0 43 42
vfs\00029_00007.ppm  1  0 0 45 44
vfs\00029_00008.ppm  1  0 0 45 43
vfs\00029_00009.ppm  1  0 0 47 44
vfs\00029_00010.ppm  1  0 0 47 46
vfs\00029_00011.ppm  1  0 0 49 47
vfs\00029_00012.ppm  1  0 0 50 47
vfs\00029_00013.ppm  1  0 0 50 48
vfs\00029_00014.ppm  1  0 0 52 49
vfs\00029_00015.ppm  1  0 0 54 50
vfs\00029_00016.ppm  1  0 0 54 52
vfs\00029_00017.ppm  1  0 0 55 53
vfs\00029_00018.ppm  1  0 0 55 54
vfs\00029_00019.ppm  1  0 0 56 54
vfs\00029_00020.ppm  1  0 0 60 58
vfs\00029_00021.ppm  1  0 0 63 60
vfs\00029_00022.ppm  1  0 0 63 61
vfs\00029_00023.ppm  1  0 0 65 62
vfs\00029_00024.ppm  1  0 0 71 71
vfs\00029_00025.ppm  1  0 0 74 73
vfs\00029_00026.ppm  1  0 0 75 74
vfs\00029_00027.ppm  1  0 0 81 80
vfs\00029_00028.ppm  1  0 0 88 83
vfs\00029_00029.ppm  1  0 0 94 89
vfs\00030_00000.ppm  1  0 0 29 31
vfs\00030_00001.ppm  1  0 0 30 32
vfs\00030_00002.ppm  1  0 0 32 34
vfs\00030_00003.ppm  1  0 0 32 33
vfs\00030_00004.ppm  1  0 0 34 34
vfs\00030_00005.ppm  1  0 0 34 33
vfs\00030_00006.ppm  1  0 0 34 34
vfs\00030_00007.ppm  1  0 0 34 35
vfs\00030_00008.ppm  1  0 0 34 35
vfs\00030_00009.ppm  1  0 0 34 35
vfs\00030_00010.ppm  1  0 0 36 36
vfs\00030_00011.ppm  1  0 0 35 36
vfs\00030_00012.ppm  1  0 0 36 36
vfs\00030_00013.ppm  1  0 0 35 35
vfs\00030_00014.ppm  1  0 0 37 37
vfs\00030_00015.ppm  1  0 0 38 38
vfs\00030_00016.ppm  1  0 0 38 38
vfs\00030_00017.ppm  1  0 0 40 39
vfs\00030_00018.ppm  1  0 0 39 39
vfs\00030_00019.ppm  1  0 0 41 42
vfs\00030_00020.ppm  1  0 0 41 41
vfs\00030_00021.ppm  1  0 0 42 42
vfs\00030_00022.ppm  1  0 0 42 42
vfs\00030_00023.ppm  1  0 0 42 42
vfs\00030_00024.ppm  1  0 0 46 47
vfs\00030_00025.ppm  1  0 0 50 49
vfs\00030_00026.ppm  1  0 0 48 47
vfs\00030_00027.ppm  1  0 0 52 49
vfs\00030_00028.ppm  1  0 0 55 54
vfs\00030_00029.ppm  1  0 0 58 57
vfs\00031_00000.ppm  1  0 0 37 36
vfs\00031_00001.ppm  1  0 0 37 38
vfs\00031_00002.ppm  1  0 0 39 40
vfs\00031_00003.ppm  1  0 0 40 40
vfs\00031_00004.ppm  1  0 0 38 39
vfs\00031_00005.ppm  1  0 0 40 40
vfs\00031_00006.ppm  1  0 0 42 42
vfs\00031_00007.ppm  1  0 0 43 43
vfs\00031_00008.ppm  1  0 0 43 44
vfs\00031_00009.ppm  1  0 0 43 45
vfs\00031_00010.ppm  1  0 0 46 46
vfs\00031_00011.ppm  1  0 0 48 47
vfs\00031_00012.ppm  1  0 0 48 49
vfs\00031_00013.ppm  1  0 0 49 49
vfs\00031_00014.ppm  1  0 0 50 50
vfs\00031_00015.ppm  1  0 0 51 52
vfs\00031_00016.ppm  1  0 0 56 56
vfs\00031_00017.ppm  1  0 0 55 54
vfs\00031_00018.ppm  1  0 0 56 56
vfs\00031_00019.ppm  1  0 0 59 59
vfs\00031_00020.ppm  1  0 0 61 62
vfs\00031_00021.ppm  1  0 0 64 64
vfs\00031_00022.ppm  1  0 0 64 63
vfs\00031_00023.ppm  1  0 0 68 67
vfs\00031_00024.ppm  1  0 0 68 67
vfs\00031_00025.ppm  1  0 0 70 68
vfs\00031_00026.ppm  1  0 0 76 75
vfs\00031_00027.ppm  1  0 0 80 79
vfs\00031_00028.ppm  1  0 0 86 86
vfs\00031_00029.ppm  1  0 0 91 91
vfs\00032_00000.ppm  1  0 0 29 33
vfs\00032_00001.ppm  1  0 0 30 36
vfs\00032_00002.ppm  1  0 0 32 37
vfs\00032_00003.ppm  1  0 0 30 34
vfs\00032_00004.ppm  1  0 0 32 36
vfs\00032_00005.ppm  1  0 0 32 37
vfs\00032_00006.ppm  1  0 0 31 36
vfs\00032_00007.ppm  1  0 0 35 37
vfs\00032_00008.ppm  1  0 0 34 39
