stop\00000_00000.ppm  1  0 0 48 45
stop\00000_00001.ppm  1  0 0 48 46
stop\00000_00002.ppm  1  0 0 49 46
stop\00000_00003.ppm  1  0 0 51 49
stop\00000_00004.ppm  1  0 0 50 48
stop\00000_00005.ppm  1  0 0 52 51
stop\00000_00006.ppm  1  0 0 54 52
stop\00000_00007.ppm  1  0 0 54 54
stop\00000_00008.ppm  1  0 0 56 56
stop\00000_00009.ppm  1  0 0 57 56
stop\00000_00010.ppm  1  0 0 59 58
stop\00000_00011.ppm  1  0 0 60 60
stop\00000_00012.ppm  1  0 0 63 63
stop\00000_00013.ppm  1  0 0 64 65
stop\00000_00014.ppm  1  0 0 69 68
stop\00000_00015.ppm  1  0 0 72 71
stop\00000_00016.ppm  1  0 0 73 73
stop\00000_00017.ppm  1  0 0 74 76
stop\00000_00018.ppm  1  0 0 81 82
stop\00000_00019.ppm  1  0 0 85 84
stop\00000_00020.ppm  1  0 0 88 89
stop\00000_00021.ppm  1  0 0 96 96
stop\00000_00022.ppm  1  0 0 100 99
stop\00000_00023.ppm  1  0 0 109 108
stop\00000_00024.ppm  1  0 0 117 117
stop\00000_00025.ppm  1  0 0 124 123
stop\00000_00026.ppm  1  0 0 131 131
stop\00000_00027.ppm  1  0 0 144 143
stop\00000_00028.ppm  1  0 0 164 159
stop\00000_00029.ppm  1  0 0 172 171
stop\00001_00000.ppm  1  0 0 30 30
stop\00001_00001.ppm  1  0 0 32 31
stop\00001_00002.ppm  1  0 0 33 34
stop\00001_00003.ppm  1  0 0 33 34
stop\00001_00004.ppm  1  0 0 36 36
stop\00001_00005.ppm  1  0 0 37 37
stop\00001_00006.ppm  1  0 0 37 37
stop\00001_00007.ppm  1  0 0 38 38
stop\00001_00008.ppm  1  0 0 39 40
stop\00001_00009.ppm  1  0 0 41 42
stop\00001_00010.ppm  1  0 0 43 43
stop\00001_00011.ppm  1  0 0 46 44
stop\00001_00012.ppm  1  0 0 48 48
stop\00001_00013.ppm  1  0 0 51 51
stop\00001_00014.ppm  1  0 0 51 51
stop\00001_00015.ppm  1  0 0 55 55
stop\00001_00016.ppm  1  0 0 60 59
stop\00001_00017.ppm  1  0 0 62 63
stop\00001_00018.ppm  1  0 0 68 70
stop\00001_00019.ppm  1  0 0 73 73
stop\00001_00020.ppm  1  0 0 80 81
stop\00001_00021.ppm  1  0 0 87 87
stop\00001_00022.ppm  1  0 0 96 99
stop\00001_00023.ppm  1  0 0 108 110
stop\00001_00024.ppm  1  0 0 120 119
stop\00001_00025.ppm  1  0 0 132 131
stop\00001_00026.ppm  1  0 0 144 144
stop\00001_00027.ppm  1  0 0 159 157
stop\00001_00028.ppm  1  0 0 178 171
stop\00001_00029.ppm  1  0 0 193 191
stop\00002_00000.ppm  1  0 0 31 32
stop\00002_00001.ppm  1  0 0 31 32
stop\00002_00002.ppm  1  0 0 33 33
stop\00002_00003.ppm  1  0 0 34 34
stop\00002_00004.ppm  1  0 0 34 35
stop\00002_00005.ppm  1  0 0 37 36
stop\00002_00006.ppm  1  0 0 36 36
stop\00002_00007.ppm  1  0 0 38 37
stop\00002_00008.ppm  1  0 0 38 39
stop\00002_00009.ppm  1  0 0 40 39
stop\00002_00010.ppm  1  0 0 40 41
stop\00002_00011.ppm  1  0 0 41 41
stop\00002_00012.ppm  1  0 0 42 42
stop\00002_00013.ppm  1  0 0 43 44
stop\00002_00014.ppm  1  0 0 44 44
stop\00002_00015.ppm  1  0 0 45 46
stop\00002_00016.ppm  1  0 0 46 46
stop\00002_00017.ppm  1  0 0 48 48
stop\00002_00018.ppm  1  0 0 48 48
stop\00002_00019.ppm  1  0 0 51 50
stop\00002_00020.ppm  1  0 0 53 53
stop\00002_00021.ppm  1  0 0 54 53
stop\00002_00022.ppm  1  0 0 57 57
stop\00002_00023.ppm  1  0 0 57 58
stop\00002_00024.ppm  1  0 0 59 59
stop\00002_00025.ppm  1  0 0 62 61
stop\00002_00026.ppm  1  0 0 64 64
stop\00002_00027.ppm  1  0 0 70 69
stop\00002_00028.ppm  1  0 0 71 72
stop\00002_00029.ppm  1  0 0 77 76
stop\00003_00000.ppm  1  0 0 41 43
stop\00003_00001.ppm  1  0 0 43 44
stop\00003_00002.ppm  1  0 0 43 44
stop\00003_00003.ppm  1  0 0 46 44
stop\00003_00004.ppm  1  0 0 47 46
stop\00003_00005.ppm  1  0 0 47 46
stop\00003_00006.ppm  1  0 0 47 48
stop\00003_00007.ppm  1  0 0 48 49
stop\00003_00008.ppm  1  0 0 49 51
stop\00003_00009.ppm  1  0 0 52 51
stop\00003_00010.ppm  1  0 0 54 54
stop\00003_00011.ppm  1  0 0 55 55
stop\00003_00012.ppm  1  0 0 56 57
stop\00003_00013.ppm  1  0 0 58 59
stop\00003_00014.ppm  1  0 0 61 63
stop\00003_00015.ppm  1  0 0 63 64
stop\00003_00016.ppm  1  0 0 63 68
stop\00003_00017.ppm  1  0 0 70 72
stop\00003_00018.ppm  1  0 0 72 73
stop\00003_00019.ppm  1  0 0 76 80
stop\00003_00020.ppm  1  0 0 83 83
stop\00003_00021.ppm  1  0 0 87 87
stop\00003_00022.ppm  1  0 0 93 94
stop\00003_00023.ppm  1  0 0 99 98
stop\00003_00024.ppm  1  0 0 110 108
stop\00003_00025.ppm  1  0 0 120 117
stop\00003_00026.ppm  1  0 0 129 125
stop\00003_00027.ppm  1  0 0 144 140
stop\00003_00028.ppm  1  0 0 159 153
stop\00003_00029.ppm  1  0 0 176 169
stop\00004_00000.ppm  1  0 0 37 38
stop\00004_00001.ppm  1  0 0 37 39
stop\00004_00002.ppm  1  0 0 38 40
stop\00004_00003.ppm  1  0 0 40 41
stop\00004_00004.ppm  1  0 0 40 42
stop\00004_00005.ppm  1  0 0 39 39
stop\00004_00006.ppm  1  0 0 41 42
stop\00004_00007.ppm  1  0 0 41 43
stop\00004_00008.ppm  1  0 0 44 43
stop\00004_00009.ppm  1  0 0 45 46
stop\00004_00010.ppm  1  0 0 46 47
stop\00004_00011.ppm  1  0 0 48 48
stop\00004_00012.ppm  1  0 0 50 49
stop\00004_00013.ppm  1  0 0 52 52
stop\00004_00014.ppm  1  0 0 52 53
stop\00004_00015.ppm  1  0 0 56 56
stop\00004_00016.ppm  1  0 0 58 58
stop\00004_00017.ppm  1  0 0 61 61
stop\00004_00018.ppm  1  0 0 63 64
stop\00004_00019.ppm  1  0 0 69 70
stop\00004_00020.ppm  1  0 0 75 76
stop\00004_00021.ppm  1  0 0 81 83
stop\00004_00022.ppm  1  0 0 87 88
stop\00004_00023.ppm  1  0 0 94 97
stop\00004_00024.ppm  1  0 0 105 106
stop\00004_00025.ppm  1  0 0 117 117
stop\00004_00026.ppm  1  0 0 129 130
stop\00004_00027.ppm  1  0 0 147 147
stop\00004_00028.ppm  1  0 0 168 167
stop\00004_00029.ppm  1  0 0 194 193
stop\00005_00000.ppm  1  0 0 52 53
stop\00005_00001.ppm  1  0 0 52 53
stop\00005_00002.ppm  1  0 0 52 53
stop\00005_00003.ppm  1  0 0 53 53
stop\00005_00004.ppm  1  0 0 54 53
stop\00005_00005.ppm  1  0 0 54 54
stop\00005_00006.ppm  1  0 0 53 54
stop\00005_00007.ppm  1  0 0 53 53
stop\00005_00008.ppm  1  0 0 54 54
stop\00005_00009.ppm  1  0 0 55 55
stop\00005_00010.ppm  1  0 0 54 55
stop\00005_00011.ppm  1  0 0 55 56
stop\00005_00012.ppm  1  0 0 56 57
stop\00005_00013.ppm  1  0 0 56 57
stop\00005_00014.ppm  1  0 0 57 56
stop\00005_00015.ppm  1  0 0 57 58
stop\00005_00016.ppm  1  0 0 57 59
stop\00005_00017.ppm  1  0 0 60 60
stop\00005_00018.ppm  1  0 0 61 60
stop\00005_00019.ppm  1  0 0 62 61
stop\00005_00020.ppm  1  0 0 63 62
stop\00005_00021.ppm  1  0 0 65 65
stop\00005_00022.ppm  1  0 0 68 68
stop\00005_00023.ppm  1  0 0 68 68
stop\00005_00024.ppm  1  0 0 71 72
stop\00005_00025.ppm  1  0 0 73 73
stop\00005_00026.ppm  1  0 0 74 74
stop\00005_00027.ppm  1  0 0 78 77
stop\00005_00028.ppm  1  0 0 82 82
stop\00005_00029.ppm  1  0 0 85 86
stop\00006_00000.ppm  1  0 0 31 33
stop\00006_00001.ppm  1  0 0 31 33
stop\00006_00002.ppm  1  0 0 32 33
stop\00006_00003.ppm  1  0 0 33 33
stop\00006_00004.ppm  1  0 0 33 34
stop\00006_00005.ppm  1  0 0 34 35
stop\00006_00006.ppm  1  0 0 34 36
stop\00006_00007.ppm  1  0 0 35 36
stop\00006_00008.ppm  1  0 0 37 37
stop\00006_00009.ppm  1  0 0 38 38
stop\00006_00010.ppm  1  0 0 40 40
stop\00006_00011.ppm  1  0 0 39 40
stop\00006_00012.ppm  1  0 0 42 43
stop\00006_00013.ppm  1  0 0 41 43
stop\00006_00014.ppm  1  0 0 45 46
stop\00006_00015.ppm  1  0 0 46 46
stop\00006_00016.ppm  1  0 0 46 48
stop\00006_00017.ppm  1  0 0 49 52
stop\00006_00018.ppm  1  0 0 52 53
stop\00006_00019.ppm  1  0 0 54 57
stop\00006_00020.ppm  1  0 0 60 59
stop\00006_00021.ppm  1  0 0 61 62
stop\00006_00022.ppm  1  0 0 68 67
stop\00006_00023.ppm  1  0 0 72 73
stop\00006_00024.ppm  1  0 0 76 80
stop\00006_00025.ppm  1  0 0 85 87
stop\00006_00026.ppm  1  0 0 92 96
stop\00006_00027.ppm  1  0 0 97 101
stop\00006_00028.ppm  1  0 0 107 117
stop\00006_00029.ppm  1  0 0 119 134
stop\00007_00000.ppm  1  0 0 32 32
stop\00007_00001.ppm  1  0 0 34 33
stop\00007_00002.ppm  1  0 0 35 35
stop\00007_00003.ppm  1  0 0 36 35
stop\00007_00004.ppm  1  0 0 37 37
stop\00007_00005.ppm  1  0 0 37 38
stop\00007_00006.ppm  1  0 0 39 38
stop\00007_00007.ppm  1  0 0 38 40
stop\00007_00008.ppm  1  0 0 42 41
stop\00007_00009.ppm  1  0 0 44 42
stop\00007_00010.ppm  1  0 0 46 44
stop\00007_00011.ppm  1  0 0 47 45
stop\00007_00012.ppm  1  0 0 48 48
stop\00007_00013.ppm  1  0 0 51 50
stop\00007_00014.ppm  1  0 0 52 52
stop\00007_00015.ppm  1  0 0 56 55
stop\00007_00016.ppm  1  0 0 58 58
stop\00007_00017.ppm  1  0 0 64 62
stop\00007_00018.ppm  1  0 0 70 69
stop\00007_00019.ppm  1  0 0 74 72
stop\00007_00020.ppm  1  0 0 82 80
stop\00007_00021.ppm  1  0 0 88 85
stop\00007_00022.ppm  1  0 0 96 93
stop\00007_00023.ppm  1  0 0 105 100
stop\00007_00024.ppm  1  0 0 111 109
stop\00007_00025.ppm  1  0 0 121 118
stop\00007_00026.ppm  1  0 0 128 123
stop\00007_00027.ppm  1  0 0 134 130
stop\00007_00028.ppm  1  0 0 141 134
stop\00007_00029.ppm  1  0 0 144 141
stop\00008_00000.ppm  1  0 0 29 33
stop\00008_00001.ppm  1  0 0 30 35
stop\00008_00002.ppm  1  0 0 31 34
stop\00008_00003.ppm  1  0 0 33 36
stop\00008_00004.ppm  1  0 0 35 38
stop\00008_00005.ppm  1  0 0 35 38
stop\00008_00006.ppm  1  0 0 35 40
stop\00008_00007.ppm  1  0 0 36 41
stop\00008_00008.ppm  1  0 0 39 42
stop\00008_00009.ppm  1  0 0 39 43
stop\00008_00010.ppm  1  0 0 38 44
stop\00008_00011.ppm  1  0 0 39 46
stop\00008_00012.ppm  1  0 0 40 47
stop\00008_00013.ppm  1  0 0 43 50
stop\00008_00014.ppm  1  0 0 43 49
stop\00008_00015.ppm  1  0 0 47 55
stop\00008_00016.ppm  1  0 0 47 55
stop\00008_00017.ppm  1  0 0 47 55
stop\00008_00018.ppm  1  0 0 50 57
stop\00008_00019.ppm  1  0 0 50 60
stop\00008_00020.ppm  1  0 0 52 63
stop\00008_00021.ppm  1  0 0 55 64
stop\00008_00022.ppm  1  0 0 56 68
stop\00008_00023.ppm  1  0 0 60 73
stop\00008_00024.ppm  1  0 0 64 77
stop\00008_00025.ppm  1  0 0 69 83
stop\00008_00026.ppm  1  0 0 72 93
stop\00008_00027.ppm  1  0 0 80 104
stop\00008_00028.ppm  1  0 0 86 118
stop\00008_00029.ppm  1  0 0 95 131
stop\00009_00000.ppm  1  0 0 25 27
stop\00009_00001.ppm  1  0 0 28 30
stop\00009_00002.ppm  1  0 0 28 30
stop\00009_00003.ppm  1  0 0 28 31
stop\00009_00004.ppm  1  0 0 28 33
stop\00009_00005.ppm  1  0 0 31 32
stop\00009_00006.ppm  1  0 0 29 31
stop\00009_00007.ppm  1  0 0 33 34
stop\00009_00008.ppm  1  0 0 34 35
stop\00009_00009.ppm  1  0 0 35 37
stop\00009_00010.ppm  1  0 0 38 39
stop\00009_00011.ppm  1  0 0 39 40
stop\00009_00012.ppm  1  0 0 39 40
stop\00009_00013.ppm  1  0 0 38 40
stop\00009_00014.ppm  1  0 0 39 41
stop\00009_00015.ppm  1  0 0 43 46
stop\00009_00016.ppm  1  0 0 44 47
stop\00009_00017.ppm  1  0 0 46 48
stop\00009_00018.ppm  1  0 0 49 51
stop\00009_00019.ppm  1  0 0 53 56
stop\00009_00020.ppm  1  0 0 56 58
stop\00009_00021.ppm  1  0 0 60 62
stop\00009_00022.ppm  1  0 0 63 64
stop\00009_00023.ppm  1  0 0 69 71
stop\00009_00024.ppm  1  0 0 76 76
stop\00009_00025.ppm  1  0 0 84 83
stop\00009_00026.ppm  1  0 0 95 95
stop\00009_00027.ppm  1  0 0 104 105
stop\00009_00028.ppm  1  0 0 120 118
stop\00009_00029.ppm  1  0 0 140 134
stop\00010_00000.ppm  1  0 0 56 64
stop\00010_00001.ppm  1  0 0 57 65
stop\00010_00002.ppm  1  0 0 57 67
stop\00010_00003.ppm  1  0 0 60 69
stop\00010_00004.ppm  1  0 0 61 69
stop\00010_00005.ppm  1  0 0 62 72
stop\00010_00006.ppm  1  0 0 62 71
stop\00010_00007.ppm  1  0 0 63 74
stop\00010_00008.ppm  1  0 0 64 74
stop\00010_00009.ppm  1  0 0 64 76
stop\00010_00010.ppm  1  0 0 68 79
stop\00010_00011.ppm  1  0 0 71 81
stop\00010_00012.ppm  1  0 0 71 80
stop\00010_00013.ppm  1  0 0 72 83
stop\00010_00014.ppm  1  0 0 73 84
stop\00010_00015.ppm  1  0 0 76 85
stop\00010_00016.ppm  1  0 0 79 88
stop\00010_00017.ppm  1  0 0 82 92
stop\00010_00018.ppm  1  0 0 84 93
stop\00010_00019.ppm  1  0 0 87 96
stop\00010_00020.ppm  1  0 0 92 101
stop\00010_00021.ppm  1  0 0 95 107
stop\00010_00022.ppm  1  0 0 100 111
stop\00010_00023.ppm  1  0 0 106 118
stop\00010_00024.ppm  1  0 0 112 125
stop\00010_00025.ppm  1  0 0 122 133
stop\00010_00026.ppm  1  0 0 131 142
stop\00010_00027.ppm  1  0 0 144 156
stop\00010_00028.ppm  1  0 0 160 171
stop\00010_00029.ppm  1  0 0 178 184
stop\00011_00000.ppm  1  0 0 43 43
stop\00011_00001.ppm  1  0 0 43 42
stop\00011_00002.ppm  1  0 0 43 42
stop\00011_00003.ppm  1  0 0 42 42
stop\00011_00004.ppm  1  0 0 43 42
stop\00011_00005.ppm  1  0 0 42 44
stop\00011_00006.ppm  1  0 0 44 44
stop\00011_00007.ppm  1  0 0 44 46
stop\00011_00008.ppm  1  0 0 44 44
stop\00011_00009.ppm  1  0 0 46 46
stop\00011_00010.ppm  1  0 0 47 46
stop\00011_00011.ppm  1  0 0 46 46
stop\00011_00012.ppm  1  0 0 49 47
stop\00011_00013.ppm  1  0 0 49 49
stop\00011_00014.ppm  1  0 0 49 50
stop\00011_00015.ppm  1  0 0 51 51
stop\00011_00016.ppm  1  0 0 52 52
stop\00011_00017.ppm  1  0 0 54 55
stop\00011_00018.ppm  1  0 0 58 56
stop\00011_00019.ppm  1  0 0 58 58
stop\00011_00020.ppm  1  0 0 62 62
stop\00011_00021.ppm  1  0 0 65 66
stop\00011_00022.ppm  1  0 0 70 70
stop\00011_00023.ppm  1  0 0 75 75
stop\00011_00024.ppm  1  0 0 81 82
stop\00011_00025.ppm  1  0 0 87 86
stop\00011_00026.ppm  1  0 0 98 97
stop\00011_00027.ppm  1  0 0 108 103
stop\00011_00028.ppm  1  0 0 120 116
stop\00011_00029.ppm  1  0 0 141 134
stop\00012_00000.ppm  1  0 0 43 43
stop\00012_00001.ppm  1  0 0 43 44
stop\00012_00002.ppm  1  0 0 43 44
stop\00012_00003.ppm  1  0 0 43 43
stop\00012_00004.ppm  1  0 0 44 44
stop\00012_00005.ppm  1  0 0 44 43
stop\00012_00006.ppm  1  0 0 45 44
stop\00012_00007.ppm  1  0 0 44 45
stop\00012_00008.ppm  1  0 0 44 45
stop\00012_00009.ppm  1  0 0 45 45
stop\00012_00010.ppm  1  0 0 45 45
stop\00012_00011.ppm  1  0 0 45 45
stop\00012_00012.ppm  1  0 0 47 46
stop\00012_00013.ppm  1  0 0 46 46
stop\00012_00014.ppm  1  0 0 47 47
stop\00012_00015.ppm  1  0 0 47 48
stop\00012_00016.ppm  1  0 0 49 49
stop\00012_00017.ppm  1  0 0 49 49
stop\00012_00018.ppm  1  0 0 50 49
stop\00012_00019.ppm  1  0 0 52 52
stop\00012_00020.ppm  1  0 0 51 52
stop\00012_00021.ppm  1  0 0 54 54
stop\00012_00022.ppm  1  0 0 55 54
stop\00012_00023.ppm  1  0 0 54 55
stop\00012_00024.ppm  1  0 0 56 55
stop\00012_00025.ppm  1  0 0 56 57
stop\00012_00026.ppm  1  0 0 58 57
stop\00012_00027.ppm  1  0 0 59 60
stop\00012_00028.ppm  1  0 0 63 62
stop\00012_00029.ppm  1  0 0 65 63
stop\00013_00000.ppm  1  0 0 39 40
stop\00013_00001.ppm  1  0 0 38 38
stop\00013_00002.ppm  1  0 0 36 39
stop\00013_00003.ppm  1  0 0 39 39
stop\00013_00004.ppm  1  0 0 41 41
stop\00013_00005.ppm  1  0 0 43 43
stop\00013_00006.ppm  1  0 0 45 46
stop\00013_00007.ppm  1  0 0 48 50
stop\00013_00008.ppm  1  0 0 51 52
stop\00013_00009.ppm  1  0 0 53 53
stop\00013_00010.ppm  1  0 0 57 57
stop\00013_00011.ppm  1  0 0 63 63
stop\00013_00012.ppm  1  0 0 68 68
stop\00013_00013.ppm  1  0 0 70 72
stop\00013_00014.ppm  1  0 0 74 75
stop\00013_00015.ppm  1  0 0 80 80
stop\00013_00016.ppm  1  0 0 86 87
stop\00013_00017.ppm  1  0 0 88 87
stop\00013_00018.ppm  1  0 0 93 91
stop\00013_00019.ppm  1  0 0 94 95
stop\00013_00020.ppm  1  0 0 94 94
stop\00013_00021.ppm  1  0 0 97 96
stop\00013_00022.ppm  1  0 0 99 99
stop\00013_00023.ppm  1  0 0 107 104
stop\00013_00024.ppm  1  0 0 112 111
stop\00013_00025.ppm  1  0 0 121 122
stop\00013_00026.ppm  1  0 0 136 140
stop\00013_00027.ppm  1  0 0 157 157
stop\00013_00028.ppm  1  0 0 177 177
stop\00013_00029.ppm  1  0 0 216 211
stop\00014_00000.ppm  1  0 0 38 46
stop\00014_00001.ppm  1  0 0 39 47
stop\00014_00002.ppm  1  0 0 39 49
stop\00014_00003.ppm  1  0 0 41 52
stop\00014_00004.ppm  1  0 0 41 52
stop\00014_00005.ppm  1  0 0 42 54
stop\00014_00006.ppm  1  0 0 44 56
stop\00014_00007.ppm  1  0 0 47 57
stop\00014_00008.ppm  1  0 0 50 59
stop\00014_00009.ppm  1  0 0 52 60
stop\00014_00010.ppm  1  0 0 55 62
stop\00014_00011.ppm  1  0 0 56 66
stop\00014_00012.ppm  1  0 0 59 70
stop\00014_00013.ppm  1  0 0 63 72
stop\00014_00014.ppm  1  0 0 65 75
stop\00014_00015.ppm  1  0 0 69 81
stop\00014_00016.ppm  1  0 0 70 84
stop\00014_00017.ppm  1  0 0 73 86
stop\00014_00018.ppm  1  0 0 81 91
stop\00014_00019.ppm  1  0 0 84 95
stop\00014_00020.ppm  1  0 0 92 99
stop\00014_00021.ppm  1  0 0 97 107
stop\00014_00022.ppm  1  0 0 101 109
stop\00014_00023.ppm  1  0 0 109 119
stop\00014_00024.ppm  1  0 0 117 127
stop\00014_00025.ppm  1  0 0 122 133
stop\00014_00026.ppm  1  0 0 130 142
stop\00014_00027.ppm  1  0 0 137 149
stop\00014_00028.ppm  1  0 0 147 160
stop\00014_00029.ppm  1  0 0 166 180
stop\00015_00000.ppm  1  0 0 31 31
stop\00015_00001.ppm  1  0 0 33 32
stop\00015_00002.ppm  1  0 0 34 33
stop\00015_00003.ppm  1  0 0 35 34
stop\00015_00004.ppm  1  0 0 35 35
stop\00015_00005.ppm  1  0 0 37 37
stop\00015_00006.ppm  1  0 0 37 36
stop\00015_00007.ppm  1  0 0 38 38
stop\00015_00008.ppm  1  0 0 40 40
stop\00015_00009.ppm  1  0 0 40 40
stop\00015_00010.ppm  1  0 0 42 41
stop\00015_00011.ppm  1  0 0 43 44
stop\00015_00012.ppm  1  0 0 46 46
stop\00015_00013.ppm  1  0 0 46 45
stop\00015_00014.ppm  1  0 0 48 47
stop\00015_00015.ppm  1  0 0 51 51
stop\00015_00016.ppm  1  0 0 53 53
stop\00015_00017.ppm  1  0 0 56 55
stop\00015_00018.ppm  1  0 0 58 58
stop\00015_00019.ppm  1  0 0 61 61
stop\00015_00020.ppm  1  0 0 67 67
stop\00015_00021.ppm  1  0 0 72 72
stop\00015_00022.ppm  1  0 0 80 80
stop\00015_00023.ppm  1  0 0 84 84
stop\00015_00024.ppm  1  0 0 93 92
stop\00015_00025.ppm  1  0 0 100 101
stop\00015_00026.ppm  1  0 0 111 110
stop\00015_00027.ppm  1  0 0 125 122
stop\00015_00028.ppm  1  0 0 140 140
stop\00015_00029.ppm  1  0 0 161 159
stop\00016_00000.ppm  1  0 0 58 58
stop\00016_00001.ppm  1  0 0 58 58
stop\00016_00002.ppm  1  0 0 58 58
stop\00016_00003.ppm  1  0 0 57 57
stop\00016_00004.ppm  1  0 0 58 57
stop\00016_00005.ppm  1  0 0 58 57
stop\00016_00006.ppm  1  0 0 57 57
stop\00016_00007.ppm  1  0 0 57 57
stop\00016_00008.ppm  1  0 0 57 58
stop\00016_00009.ppm  1  0 0 59 59
stop\00016_00010.ppm  1  0 0 60 59
stop\00016_00011.ppm  1  0 0 60 61
stop\00016_00012.ppm  1  0 0 60 60
stop\00016_00013.ppm  1  0 0 60 61
stop\00016_00014.ppm  1  0 0 62 61
stop\00016_00015.ppm  1  0 0 63 64
stop\00016_00016.ppm  1  0 0 64 63
stop\00016_00017.ppm  1  0 0 67 64
stop\00016_00018.ppm  1  0 0 68 68
stop\00016_00019.ppm  1  0 0 70 71
stop\00016_00020.ppm  1  0 0 73 73
stop\00016_00021.ppm  1  0 0 75 75
stop\00016_00022.ppm  1  0 0 79 76
stop\00016_00023.ppm  1  0 0 81 81
stop\00016_00024.ppm  1  0 0 84 84
stop\00016_00025.ppm  1  0 0 88 88
stop\00016_00026.ppm  1  0 0 93 93
stop\00016_00027.ppm  1  0 0 97 96
stop\00016_00028.ppm  1  0 0 108 106
stop\00016_00029.ppm  1  0 0 115 112
stop\00017_00000.ppm  1  0 0 25 26
stop\00017_00001.ppm  1  0 0 27 28
stop\00017_00002.ppm  1  0 0 28 28
stop\00017_00003.ppm  1  0 0 28 28
stop\00017_00004.ppm  1  0 0 29 30
stop\00017_00005.ppm  1  0 0 29 30
stop\00017_00006.ppm  1  0 0 31 32
stop\00017_00007.ppm  1  0 0 31 32
stop\00017_00008.ppm  1  0 0 32 33
stop\00017_00009.ppm  1  0 0 33 34
stop\00017_00010.ppm  1  0 0 33 33
stop\00017_00011.ppm  1  0 0 35 36
stop\00017_00012.ppm  1  0 0 38 37
stop\00017_00013.ppm  1  0 0 38 40
stop\00017_00014.ppm  1  0 0 40 40
stop\00017_00015.ppm  1  0 0 40 41
stop\00017_00016.ppm  1  0 0 42 41
stop\00017_00017.ppm  1  0 0 43 44
stop\00017_00018.ppm  1  0 0 48 47
stop\00017_00019.ppm  1  0 0 49 50
stop\00017_00020.ppm  1  0 0 52 53
stop\00017_00021.ppm  1  0 0 58 58
stop\00017_00022.ppm  1  0 0 61 63
stop\00017_00023.ppm  1  0 0 68 69
stop\00017_00024.ppm  1  0 0 75 76
stop\00017_00025.ppm  1  0 0 83 86
stop\00017_00026.ppm  1  0 0 93 94
stop\00017_00027.ppm  1  0 0 104 106
stop\00017_00028.ppm  1  0 0 120 124
stop\00017_00029.ppm  1  0 0 138 142
