vfa\00000_00000.ppm  1  0 0 25 25
vfa\00000_00001.ppm  1  0 0 26 27
vfa\00000_00002.ppm  1  0 0 26 28
vfa\00000_00003.ppm  1  0 0 28 28
vfa\00000_00004.ppm  1  0 0 29 29
vfa\00000_00005.ppm  1  0 0 29 29
vfa\00000_00006.ppm  1  0 0 27 30
vfa\00000_00007.ppm  1  0 0 29 30
vfa\00000_00008.ppm  1  0 0 31 31
vfa\00000_00009.ppm  1  0 0 33 31
vfa\00000_00010.ppm  1  0 0 35 33
vfa\00000_00011.ppm  1  0 0 38 37
vfa\00000_00012.ppm  1  0 0 37 37
vfa\00000_00013.ppm  1  0 0 38 38
vfa\00000_00014.ppm  1  0 0 40 40
vfa\00000_00015.ppm  1  0 0 41 39
vfa\00000_00016.ppm  1  0 0 42 40
vfa\00000_00017.ppm  1  0 0 46 43
vfa\00000_00018.ppm  1  0 0 47 45
vfa\00000_00019.ppm  1  0 0 49 48
vfa\00000_00020.ppm  1  0 0 53 51
vfa\00000_00021.ppm  1  0 0 55 51
vfa\00000_00022.ppm  1  0 0 56 53
vfa\00000_00023.ppm  1  0 0 58 56
vfa\00000_00024.ppm  1  0 0 60 58
vfa\00000_00025.ppm  1  0 0 67 62
vfa\00000_00026.ppm  1  0 0 73 70
vfa\00000_00027.ppm  1  0 0 79 75
vfa\00000_00028.ppm  1  0 0 87 83
vfa\00000_00029.ppm  1  0 0 95 89
vfa\00001_00000.ppm  1  0 0 26 29
vfa\00001_00001.ppm  1  0 0 26 30
vfa\00001_00002.ppm  1  0 0 26 30
vfa\00001_00003.ppm  1  0 0 28 30
vfa\00001_00004.ppm  1  0 0 29 32
vfa\00001_00005.ppm  1  0 0 32 32
vfa\00001_00006.ppm  1  0 0 32 33
vfa\00001_00007.ppm  1  0 0 33 35
vfa\00001_00008.ppm  1  0 0 33 33
vfa\00001_00009.ppm  1  0 0 33 35
vfa\00001_00010.ppm  1  0 0 36 37
vfa\00001_00011.ppm  1  0 0 39 41
vfa\00001_00012.ppm  1  0 0 40 41
vfa\00001_00013.ppm  1  0 0 40 42
vfa\00001_00014.ppm  1  0 0 44 45
vfa\00001_00015.ppm  1  0 0 45 45
vfa\00001_00016.ppm  1  0 0 49 48
vfa\00001_00017.ppm  1  0 0 50 50
vfa\00001_00018.ppm  1  0 0 53 52
vfa\00001_00019.ppm  1  0 0 57 55
vfa\00001_00020.ppm  1  0 0 58 59
vfa\00001_00021.ppm  1  0 0 61 61
vfa\00001_00022.ppm  1  0 0 68 64
vfa\00001_00023.ppm  1  0 0 74 72
vfa\00001_00024.ppm  1  0 0 82 79
vfa\00001_00025.ppm  1  0 0 86 84
vfa\00001_00026.ppm  1  0 0 97 94
vfa\00001_00027.ppm  1  0 0 106 98
vfa\00001_00028.ppm  1  0 0 120 108
vfa\00001_00029.ppm  1  0 0 131 118
vfa\00002_00000.ppm  1  0 0 38 36
vfa\00002_00001.ppm  1  0 0 38 36
vfa\00002_00002.ppm  1  0 0 39 36
vfa\00002_00003.ppm  1  0 0 38 36
vfa\00002_00004.ppm  1  0 0 40 38
vfa\00002_00005.ppm  1  0 0 41 39
vfa\00002_00006.ppm  1  0 0 41 39
vfa\00002_00007.ppm  1  0 0 42 39
vfa\00002_00008.ppm  1  0 0 42 39
vfa\00002_00009.ppm  1  0 0 42 39
vfa\00002_00010.ppm  1  0 0 43 41
vfa\00002_00011.ppm  1  0 0 45 43
vfa\00002_00012.ppm  1  0 0 45 44
vfa\00002_00013.ppm  1  0 0 45 44
vfa\00002_00014.ppm  1  0 0 45 44
vfa\00002_00015.ppm  1  0 0 44 44
vfa\00002_00016.ppm  1  0 0 48 48
vfa\00002_00017.ppm  1  0 0 48 50
vfa\00002_00018.ppm  1  0 0 49 51
vfa\00002_00019.ppm  1  0 0 51 52
vfa\00002_00020.ppm  1  0 0 52 52
vfa\00002_00021.ppm  1  0 0 54 54
vfa\00002_00022.ppm  1  0 0 55 56
vfa\00002_00023.ppm  1  0 0 58 59
vfa\00002_00024.ppm  1  0 0 60 60
vfa\00002_00025.ppm  1  0 0 62 63
vfa\00002_00026.ppm  1  0 0 64 69
vfa\00002_00027.ppm  1  0 0 70 71
vfa\00002_00028.ppm  1  0 0 70 73
vfa\00002_00029.ppm  1  0 0 75 80
vfa\00003_00000.ppm  1  0 0 26 26
vfa\00003_00001.ppm  1  0 0 27 28
vfa\00003_00002.ppm  1  0 0 28 28
vfa\00003_00003.ppm  1  0 0 30 30
vfa\00003_00004.ppm  1  0 0 30 30
vfa\00003_00005.ppm  1  0 0 30 31
vfa\00003_00006.ppm  1  0 0 32 35
vfa\00003_00007.ppm  1  0 0 34 36
vfa\00003_00008.ppm  1  0 0 35 38
vfa\00003_00009.ppm  1  0 0 39 39
vfa\00003_00010.ppm  1  0 0 41 41
vfa\00003_00011.ppm  1  0 0 43 42
vfa\00003_00012.ppm  1  0 0 50 45
vfa\00003_00013.ppm  1  0 0 53 48
vfa\00003_00014.ppm  1  0 0 57 54
vfa\00003_00015.ppm  1  0 0 60 58
vfa\00003_00016.ppm  1  0 0 65 62
vfa\00003_00017.ppm  1  0 0 74 69
vfa\00003_00018.ppm  1  0 0 81 73
vfa\00003_00019.ppm  1  0 0 84 75
vfa\00003_00020.ppm  1  0 0 92 83
vfa\00003_00021.ppm  1  0 0 97 89
vfa\00003_00022.ppm  1  0 0 106 95
vfa\00003_00023.ppm  1  0 0 112 106
vfa\00003_00024.ppm  1  0 0 120 110
vfa\00003_00025.ppm  1  0 0 131 119
vfa\00003_00026.ppm  1  0 0 144 129
vfa\00003_00027.ppm  1  0 0 167 146
vfa\00003_00028.ppm  1  0 0 190 168
vfa\00003_00029.ppm  1  0 0 224 201
vfa\00004_00000.ppm  1  0 0 27 25
vfa\00004_00001.ppm  1  0 0 30 27
vfa\00004_00002.ppm  1  0 0 31 28
vfa\00004_00003.ppm  1  0 0 31 28
vfa\00004_00004.ppm  1  0 0 33 27
vfa\00004_00005.ppm  1  0 0 35 28
vfa\00004_00006.ppm  1  0 0 33 29
vfa\00004_00007.ppm  1  0 0 32 30
vfa\00004_00008.ppm  1  0 0 34 31
vfa\00004_00009.ppm  1  0 0 34 32
vfa\00004_00010.ppm  1  0 0 36 34
vfa\00004_00011.ppm  1  0 0 37 35
vfa\00004_00012.ppm  1  0 0 38 34
vfa\00004_00013.ppm  1  0 0 40 37
vfa\00004_00014.ppm  1  0 0 39 37
vfa\00004_00015.ppm  1  0 0 43 40
vfa\00004_00016.ppm  1  0 0 44 40
vfa\00004_00017.ppm  1  0 0 47 40
vfa\00004_00018.ppm  1  0 0 47 42
vfa\00004_00019.ppm  1  0 0 51 47
vfa\00004_00020.ppm  1  0 0 57 48
vfa\00004_00021.ppm  1  0 0 60 52
vfa\00004_00022.ppm  1  0 0 61 55
vfa\00004_00023.ppm  1  0 0 70 60
vfa\00004_00024.ppm  1  0 0 75 63
vfa\00004_00025.ppm  1  0 0 83 72
vfa\00004_00026.ppm  1  0 0 94 81
vfa\00004_00027.ppm  1  0 0 116 96
vfa\00004_00028.ppm  1  0 0 130 117
vfa\00004_00029.ppm  1  0 0 154 136
vfa\00005_00000.ppm  1  0 0 27 29
vfa\00005_00001.ppm  1  0 0 29 29
vfa\00005_00002.ppm  1  0 0 29 29
vfa\00005_00003.ppm  1  0 0 29 30
vfa\00005_00004.ppm  1  0 0 31 31
vfa\00005_00005.ppm  1  0 0 30 30
vfa\00005_00006.ppm  1  0 0 31 32
vfa\00005_00007.ppm  1  0 0 32 33
vfa\00005_00008.ppm  1  0 0 32 33
vfa\00005_00009.ppm  1  0 0 32 34
vfa\00005_00010.ppm  1  0 0 33 33
vfa\00005_00011.ppm  1  0 0 36 35
vfa\00005_00012.ppm  1  0 0 39 34
vfa\00005_00013.ppm  1  0 0 38 37
vfa\00005_00014.ppm  1  0 0 41 39
vfa\00005_00015.ppm  1  0 0 45 43
vfa\00005_00016.ppm  1  0 0 47 44
vfa\00005_00017.ppm  1  0 0 46 44
vfa\00005_00018.ppm  1  0 0 52 46
vfa\00005_00019.ppm  1  0 0 54 49
vfa\00005_00020.ppm  1  0 0 56 51
vfa\00005_00021.ppm  1  0 0 59 55
vfa\00005_00022.ppm  1  0 0 62 57
vfa\00005_00023.ppm  1  0 0 69 60
vfa\00005_00024.ppm  1  0 0 77 68
vfa\00005_00025.ppm  1  0 0 82 75
vfa\00005_00026.ppm  1  0 0 90 87
vfa\00005_00027.ppm  1  0 0 97 98
vfa\00005_00028.ppm  1  0 0 111 116
vfa\00005_00029.ppm  1  0 0 131 136
vfa\00006_00000.ppm  1  0 0 28 26
vfa\00006_00001.ppm  1  0 0 28 26
vfa\00006_00002.ppm  1  0 0 28 26
vfa\00006_00003.ppm  1  0 0 29 29
vfa\00006_00004.ppm  1  0 0 30 30
vfa\00006_00005.ppm  1  0 0 32 30
vfa\00006_00006.ppm  1  0 0 33 31
vfa\00006_00007.ppm  1  0 0 32 31
vfa\00006_00008.ppm  1  0 0 34 33
vfa\00006_00009.ppm  1  0 0 34 32
vfa\00006_00010.ppm  1  0 0 35 32
vfa\00006_00011.ppm  1  0 0 36 33
vfa\00006_00012.ppm  1  0 0 38 35
vfa\00006_00013.ppm  1  0 0 40 36
vfa\00006_00014.ppm  1  0 0 41 38
vfa\00006_00015.ppm  1  0 0 42 38
vfa\00006_00016.ppm  1  0 0 45 41
vfa\00006_00017.ppm  1  0 0 46 41
vfa\00006_00018.ppm  1  0 0 49 43
vfa\00006_00019.ppm  1  0 0 51 46
vfa\00006_00020.ppm  1  0 0 53 46
vfa\00006_00021.ppm  1  0 0 56 49
vfa\00006_00022.ppm  1  0 0 57 51
vfa\00006_00023.ppm  1  0 0 60 53
vfa\00006_00024.ppm  1  0 0 64 55
vfa\00006_00025.ppm  1  0 0 65 58
vfa\00006_00026.ppm  1  0 0 72 62
vfa\00006_00027.ppm  1  0 0 76 68
vfa\00006_00028.ppm  1  0 0 76 69
vfa\00006_00029.ppm  1  0 0 84 75
vfa\00007_00000.ppm  1  0 0 35 34
vfa\00007_00001.ppm  1  0 0 38 35
vfa\00007_00002.ppm  1  0 0 38 35
vfa\00007_00003.ppm  1  0 0 40 36
vfa\00007_00004.ppm  1  0 0 40 38
vfa\00007_00005.ppm  1  0 0 39 38
vfa\00007_00006.ppm  1  0 0 41 40
vfa\00007_00007.ppm  1  0 0 41 40
vfa\00007_00008.ppm  1  0 0 41 39
vfa\00007_00009.ppm  1  0 0 42 39
vfa\00007_00010.ppm  1  0 0 42 41
vfa\00007_00011.ppm  1  0 0 44 41
vfa\00007_00012.ppm  1  0 0 44 41
vfa\00007_00013.ppm  1  0 0 48 44
vfa\00007_00014.ppm  1  0 0 48 43
vfa\00007_00015.ppm  1  0 0 49 44
vfa\00007_00016.ppm  1  0 0 50 45
vfa\00007_00017.ppm  1  0 0 52 46
vfa\00007_00018.ppm  1  0 0 52 48
vfa\00007_00019.ppm  1  0 0 54 49
vfa\00007_00020.ppm  1  0 0 56 50
vfa\00007_00021.ppm  1  0 0 58 52
vfa\00007_00022.ppm  1  0 0 58 54
vfa\00007_00023.ppm  1  0 0 61 56
vfa\00007_00024.ppm  1  0 0 64 57
vfa\00007_00025.ppm  1  0 0 63 59
vfa\00007_00026.ppm  1  0 0 64 60
vfa\00007_00027.ppm  1  0 0 65 60
vfa\00007_00028.ppm  1  0 0 70 63
vfa\00007_00029.ppm  1  0 0 72 67
vfa\00008_00000.ppm  1  0 0 40 44
vfa\00008_00001.ppm  1  0 0 41 45
vfa\00008_00002.ppm  1  0 0 42 46
vfa\00008_00003.ppm  1  0 0 40 47
vfa\00008_00004.ppm  1  0 0 42 48
vfa\00008_00005.ppm  1  0 0 43 47
vfa\00008_00006.ppm  1  0 0 44 49
vfa\00008_00007.ppm  1  0 0 45 49
vfa\00008_00008.ppm  1  0 0 46 52
vfa\00008_00009.ppm  1  0 0 46 53
vfa\00008_00010.ppm  1  0 0 48 55
vfa\00008_00011.ppm  1  0 0 48 57
vfa\00008_00012.ppm  1  0 0 49 57
vfa\00008_00013.ppm  1  0 0 49 59
vfa\00008_00014.ppm  1  0 0 49 60
vfa\00008_00015.ppm  1  0 0 51 61
vfa\00008_00016.ppm  1  0 0 53 62
vfa\00008_00017.ppm  1  0 0 55 60
vfa\00008_00018.ppm  1  0 0 56 65
vfa\00008_00019.ppm  1  0 0 57 68
vfa\00008_00020.ppm  1  0 0 59 73
vfa\00008_00021.ppm  1  0 0 60 77
vfa\00008_00022.ppm  1  0 0 59 79
vfa\00008_00023.ppm  1  0 0 60 83
vfa\00008_00024.ppm  1  0 0 62 86
vfa\00008_00025.ppm  1  0 0 64 92
vfa\00008_00026.ppm  1  0 0 65 96
vfa\00008_00027.ppm  1  0 0 68 100
vfa\00008_00028.ppm  1  0 0 70 107
vfa\00008_00029.ppm  1  0 0 71 111
vfa\00009_00000.ppm  1  0 0 29 28
vfa\00009_00001.ppm  1  0 0 29 28
vfa\00009_00002.ppm  1  0 0 32 29
vfa\00009_00003.ppm  1  0 0 30 30
vfa\00009_00004.ppm  1  0 0 30 30
vfa\00009_00005.ppm  1  0 0 33 29
vfa\00009_00006.ppm  1  0 0 32 31
vfa\00009_00007.ppm  1  0 0 33 33
vfa\00009_00008.ppm  1  0 0 34 33
vfa\00009_00009.ppm  1  0 0 36 34
vfa\00009_00010.ppm  1  0 0 37 37
vfa\00009_00011.ppm  1  0 0 38 39
vfa\00009_00012.ppm  1  0 0 41 39
vfa\00009_00013.ppm  1  0 0 43 40
vfa\00009_00014.ppm  1  0 0 42 42
vfa\00009_00015.ppm  1  0 0 44 42
vfa\00009_00016.ppm  1  0 0 46 43
vfa\00009_00017.ppm  1  0 0 49 46
vfa\00009_00018.ppm  1  0 0 50 49
vfa\00009_00019.ppm  1  0 0 53 52
vfa\00009_00020.ppm  1  0 0 56 53
vfa\00009_00021.ppm  1  0 0 60 55
vfa\00009_00022.ppm  1  0 0 63 60
vfa\00009_00023.ppm  1  0 0 68 61
vfa\00009_00024.ppm  1  0 0 69 64
vfa\00009_00025.ppm  1  0 0 71 65
vfa\00009_00026.ppm  1  0 0 74 71
vfa\00009_00027.ppm  1  0 0 75 73
vfa\00009_00028.ppm  1  0 0 76 75
vfa\00009_00029.ppm  1  0 0 83 80
vfa\00010_00000.ppm  1  0 0 31 32
vfa\00010_00001.ppm  1  0 0 30 32
vfa\00010_00002.ppm  1  0 0 31 31
vfa\00010_00003.ppm  1  0 0 34 34
vfa\00010_00004.ppm  1  0 0 34 35
vfa\00010_00005.ppm  1  0 0 35 35
vfa\00010_00006.ppm  1  0 0 37 36
vfa\00010_00007.ppm  1  0 0 38 34
vfa\00010_00008.ppm  1  0 0 40 37
vfa\00010_00009.ppm  1  0 0 43 38
vfa\00010_00010.ppm  1  0 0 44 40
vfa\00010_00011.ppm  1  0 0 47 42
vfa\00010_00012.ppm  1  0 0 50 45
vfa\00010_00013.ppm  1  0 0 50 46
vfa\00010_00014.ppm  1  0 0 53 52
vfa\00010_00015.ppm  1  0 0 56 50
vfa\00010_00016.ppm  1  0 0 57 53
vfa\00010_00017.ppm  1  0 0 60 55
vfa\00010_00018.ppm  1  0 0 62 57
vfa\00010_00019.ppm  1  0 0 62 59
vfa\00010_00020.ppm  1  0 0 65 61
vfa\00010_00021.ppm  1  0 0 69 63
vfa\00010_00022.ppm  1  0 0 70 64
vfa\00010_00023.ppm  1  0 0 71 69
vfa\00010_00024.ppm  1  0 0 74 71
vfa\00010_00025.ppm  1  0 0 73 73
vfa\00010_00026.ppm  1  0 0 79 74
vfa\00010_00027.ppm  1  0 0 81 80
vfa\00010_00028.ppm  1  0 0 73 74
vfa\00010_00029.ppm  1  0 0 74 74
vfa\00011_00000.ppm  1  0 0 38 40
vfa\00011_00001.ppm  1  0 0 36 39
vfa\00011_00002.ppm  1  0 0 38 39
vfa\00011_00003.ppm  1  0 0 40 42
vfa\00011_00004.ppm  1  0 0 40 43
vfa\00011_00005.ppm  1  0 0 40 45
vfa\00011_00006.ppm  1  0 0 40 45
vfa\00011_00007.ppm  1  0 0 41 45
vfa\00011_00008.ppm  1  0 0 41 45
vfa\00011_00009.ppm  1  0 0 43 46
vfa\00011_00010.ppm  1  0 0 42 44
vfa\00011_00011.ppm  1  0 0 42 47
vfa\00011_00012.ppm  1  0 0 42 49
vfa\00011_00013.ppm  1  0 0 42 49
vfa\00011_00014.ppm  1  0 0 43 51
vfa\00011_00015.ppm  1  0 0 44 50
vfa\00011_00016.ppm  1  0 0 44 49
vfa\00011_00017.ppm  1  0 0 46 52
vfa\00011_00018.ppm  1  0 0 54 61
vfa\00011_00019.ppm  1  0 0 54 63
vfa\00011_00020.ppm  1  0 0 55 64
vfa\00011_00021.ppm  1  0 0 57 67
vfa\00011_00022.ppm  1  0 0 57 70
vfa\00011_00023.ppm  1  0 0 59 72
vfa\00011_00024.ppm  1  0 0 62 76
vfa\00011_00025.ppm  1  0 0 63 81
vfa\00011_00026.ppm  1  0 0 63 84
vfa\00011_00027.ppm  1  0 0 65 89
vfa\00011_00028.ppm  1  0 0 70 97
vfa\00011_00029.ppm  1  0 0 71 100
vfa\00012_00000.ppm  1  0 0 34 32
vfa\00012_00001.ppm  1  0 0 36 34
vfa\00012_00002.ppm  1  0 0 38 34
vfa\00012_00003.ppm  1  0 0 38 34
vfa\00012_00004.ppm  1  0 0 39 35
vfa\00012_00005.ppm  1  0 0 40 35
vfa\00012_00006.ppm  1  0 0 42 37
vfa\00012_00007.ppm  1  0 0 42 38
vfa\00012_00008.ppm  1  0 0 44 40
vfa\00012_00009.ppm  1  0 0 45 42
vfa\00012_00010.ppm  1  0 0 48 44
vfa\00012_00011.ppm  1  0 0 49 44
vfa\00012_00012.ppm  1  0 0 51 46
vfa\00012_00013.ppm  1  0 0 52 49
vfa\00012_00014.ppm  1  0 0 55 51
vfa\00012_00015.ppm  1  0 0 54 49
vfa\00012_00016.ppm  1  0 0 57 50
vfa\00012_00017.ppm  1  0 0 61 54
vfa\00012_00018.ppm  1  0 0 64 57
vfa\00012_00019.ppm  1  0 0 69 59
vfa\00012_00020.ppm  1  0 0 70 63
vfa\00012_00021.ppm  1  0 0 70 63
vfa\00012_00022.ppm  1  0 0 73 68
vfa\00012_00023.ppm  1  0 0 76 70
vfa\00012_00024.ppm  1  0 0 86 76
vfa\00012_00025.ppm  1  0 0 87 79
vfa\00012_00026.ppm  1  0 0 88 81
vfa\00012_00027.ppm  1  0 0 96 84
vfa\00012_00028.ppm  1  0 0 98 86
vfa\00012_00029.ppm  1  0 0 105 93
vfa\00013_00000.ppm  1  0 0 41 36
vfa\00013_00001.ppm  1  0 0 42 37
vfa\00013_00002.ppm  1  0 0 41 38
vfa\00013_00003.ppm  1  0 0 41 37
vfa\00013_00004.ppm  1  0 0 41 37
vfa\00013_00005.ppm  1  0 0 42 38
vfa\00013_00006.ppm  1  0 0 42 39
vfa\00013_00007.ppm  1  0 0 43 40
vfa\00013_00008.ppm  1  0 0 45 41
vfa\00013_00009.ppm  1  0 0 48 43
vfa\00013_00010.ppm  1  0 0 49 46
vfa\00013_00011.ppm  1  0 0 47 44
vfa\00013_00012.ppm  1  0 0 46 45
vfa\00013_00013.ppm  1  0 0 50 47
vfa\00013_00014.ppm  1  0 0 51 49
vfa\00013_00015.ppm  1  0 0 52 48
vfa\00013_00016.ppm  1  0 0 54 50
vfa\00013_00017.ppm  1  0 0 55 51
vfa\00013_00018.ppm  1  0 0 59 53
vfa\00013_00019.ppm  1  0 0 65 57
vfa\00013_00020.ppm  1  0 0 70 59
vfa\00013_00021.ppm  1  0 0 68 61
vfa\00013_00022.ppm  1  0 0 72 62
vfa\00013_00023.ppm  1  0 0 73 65
vfa\00013_00024.ppm  1  0 0 80 67
vfa\00013_00025.ppm  1  0 0 81 69
vfa\00013_00026.ppm  1  0 0 71 64
vfa\00013_00027.ppm  1  0 0 75 70
vfa\00013_00028.ppm  1  0 0 82 71
vfa\00013_00029.ppm  1  0 0 86 74
vfa\00014_00000.ppm  1  0 0 44 40
vfa\00014_00001.ppm  1  0 0 45 40
vfa\00014_00002.ppm  1  0 0 45 42
vfa\00014_00003.ppm  1  0 0 46 43
vfa\00014_00004.ppm  1  0 0 48 43
vfa\00014_00005.ppm  1  0 0 48 44
vfa\00014_00006.ppm  1  0 0 50 46
vfa\00014_00007.ppm  1  0 0 51 46
vfa\00014_00008.ppm  1  0 0 51 48
vfa\00014_00009.ppm  1  0 0 54 50
vfa\00014_00010.ppm  1  0 0 55 51
vfa\00014_00011.ppm  1  0 0 58 53
vfa\00014_00012.ppm  1  0 0 60 55
vfa\00014_00013.ppm  1  0 0 61 56
vfa\00014_00014.ppm  1  0 0 64 58
vfa\00014_00015.ppm  1  0 0 67 60
vfa\00014_00016.ppm  1  0 0 70 61
vfa\00014_00017.ppm  1  0 0 74 68
vfa\00014_00018.ppm  1  0 0 76 71
vfa\00014_00019.ppm  1  0 0 83 74
vfa\00014_00020.ppm  1  0 0 87 79
vfa\00014_00021.ppm  1  0 0 93 81
vfa\00014_00022.ppm  1  0 0 98 87
vfa\00014_00023.ppm  1  0 0 106 94
vfa\00014_00024.ppm  1  0 0 119 108
vfa\00014_00025.ppm  1  0 0 124 114
vfa\00014_00026.ppm  1  0 0 130 121
vfa\00014_00027.ppm  1  0 0 141 133
vfa\00014_00028.ppm  1  0 0 152 143
vfa\00014_00029.ppm  1  0 0 169 160
vfa\00015_00000.ppm  1  0 0 58 55
vfa\00015_00001.ppm  1  0 0 60 56
vfa\00015_00002.ppm  1  0 0 60 58
vfa\00015_00003.ppm  1  0 0 62 58
vfa\00015_00004.ppm  1  0 0 63 60
vfa\00015_00005.ppm  1  0 0 65 61
vfa\00015_00006.ppm  1  0 0 71 63
vfa\00015_00007.ppm  1  0 0 72 67
vfa\00015_00008.ppm  1  0 0 71 68
vfa\00015_00009.ppm  1  0 0 74 70
vfa\00015_00010.ppm  1  0 0 76 71
vfa\00015_00011.ppm  1  0 0 76 74
vfa\00015_00012.ppm  1  0 0 76 75
vfa\00015_00013.ppm  1  0 0 81 80
vfa\00015_00014.ppm  1  0 0 85 81
vfa\00015_00015.ppm  1  0 0 89 84
vfa\00015_00016.ppm  1  0 0 92 85
vfa\00015_00017.ppm  1  0 0 93 88
vfa\00015_00018.ppm  1  0 0 96 93
vfa\00015_00019.ppm  1  0 0 97 94
vfa\00015_00020.ppm  1  0 0 106 98
vfa\00015_00021.ppm  1  0 0 109 99
vfa\00015_00022.ppm  1  0 0 114 105
vfa\00015_00023.ppm  1  0 0 117 106
vfa\00015_00024.ppm  1  0 0 119 108
vfa\00015_00025.ppm  1  0 0 122 112
vfa\00015_00026.ppm  1  0 0 125 116
vfa\00015_00027.ppm  1  0 0 131 120
vfa\00015_00028.ppm  1  0 0 135 123
vfa\00015_00029.ppm  1  0 0 147 133
vfa\00016_00000.ppm  1  0 0 34 33
vfa\00016_00001.ppm  1  0 0 35 33
vfa\00016_00002.ppm  1  0 0 36 33
vfa\00016_00003.ppm  1  0 0 37 34
vfa\00016_00004.ppm  1  0 0 40 36
vfa\00016_00005.ppm  1  0 0 41 36
vfa\00016_00006.ppm  1  0 0 40 35
vfa\00016_00007.ppm  1  0 0 41 38
vfa\00016_00008.ppm  1  0 0 43 41
vfa\00016_00009.ppm  1  0 0 45 40
vfa\00016_00010.ppm  1  0 0 45 42
vfa\00016_00011.ppm  1  0 0 46 43
vfa\00016_00012.ppm  1  0 0 50 44
vfa\00016_00013.ppm  1  0 0 50 45
vfa\00016_00014.ppm  1  0 0 52 48
vfa\00016_00015.ppm  1  0 0 55 50
vfa\00016_00016.ppm  1  0 0 55 51
vfa\00016_00017.ppm  1  0 0 58 54
vfa\00016_00018.ppm  1  0 0 59 55
vfa\00016_00019.ppm  1  0 0 62 58
vfa\00016_00020.ppm  1  0 0 70 62
vfa\00016_00021.ppm  1  0 0 71 64
vfa\00016_00022.ppm  1  0 0 75 71
vfa\00016_00023.ppm  1  0 0 82 76
vfa\00016_00024.ppm  1  0 0 93 84
vfa\00016_00025.ppm  1  0 0 96 88
vfa\00016_00026.ppm  1  0 0 107 96
vfa\00016_00027.ppm  1  0 0 120 111
vfa\00016_00028.ppm  1  0 0 134 123
vfa\00016_00029.ppm  1  0 0 160 142
vfa\00017_00000.ppm  1  0 0 42 37
vfa\00017_00001.ppm  1  0 0 42 39
vfa\00017_00002.ppm  1  0 0 42 40
vfa\00017_00003.ppm  1  0 0 44 42
vfa\00017_00004.ppm  1  0 0 45 44
vfa\00017_00005.ppm  1  0 0 45 44
vfa\00017_00006.ppm  1  0 0 47 46
vfa\00017_00007.ppm  1  0 0 47 47
vfa\00017_00008.ppm  1  0 0 48 47
vfa\00017_00009.ppm  1  0 0 52 46
vfa\00017_00010.ppm  1  0 0 54 48
vfa\00017_00011.ppm  1  0 0 54 50
vfa\00017_00012.ppm  1  0 0 56 51
vfa\00017_00013.ppm  1  0 0 58 53
vfa\00017_00014.ppm  1  0 0 58 54
vfa\00017_00015.ppm  1  0 0 62 58
vfa\00017_00016.ppm  1  0 0 63 58
vfa\00017_00017.ppm  1  0 0 64 59
vfa\00017_00018.ppm  1  0 0 68 60
vfa\00017_00019.ppm  1  0 0 70 62
vfa\00017_00020.ppm  1  0 0 73 64
vfa\00017_00021.ppm  1  0 0 74 69
vfa\00017_00022.ppm  1  0 0 81 73
vfa\00017_00023.ppm  1  0 0 83 74
vfa\00017_00024.ppm  1  0 0 84 80
vfa\00017_00025.ppm  1  0 0 87 82
vfa\00017_00026.ppm  1  0 0 93 82
vfa\00017_00027.ppm  1  0 0 98 86
vfa\00017_00028.ppm  1  0 0 107 94
vfa\00017_00029.ppm  1  0 0 110 98
vfa\00018_00000.ppm  1  0 0 31 32
vfa\00018_00001.ppm  1  0 0 33 32
vfa\00018_00002.ppm  1  0 0 33 33
vfa\00018_00003.ppm  1  0 0 34 33
vfa\00018_00004.ppm  1  0 0 34 35
vfa\00018_00005.ppm  1  0 0 36 34
vfa\00018_00006.ppm  1  0 0 38 36
vfa\00018_00007.ppm  1  0 0 37 38
vfa\00018_00008.ppm  1  0 0 39 39
vfa\00018_00009.ppm  1  0 0 38 38
vfa\00018_00010.ppm  1  0 0 39 39
vfa\00018_00011.ppm  1  0 0 40 41
vfa\00018_00012.ppm  1  0 0 42 43
vfa\00018_00013.ppm  1  0 0 45 44
vfa\00018_00014.ppm  1  0 0 45 46
vfa\00018_00015.ppm  1  0 0 47 47
vfa\00018_00016.ppm  1  0 0 51 48
vfa\00018_00017.ppm  1  0 0 51 49
vfa\00018_00018.ppm  1  0 0 53 53
vfa\00018_00019.ppm  1  0 0 56 52
vfa\00018_00020.ppm  1  0 0 59 56
vfa\00018_00021.ppm  1  0 0 61 58
vfa\00018_00022.ppm  1  0 0 65 62
vfa\00018_00023.ppm  1  0 0 69 68
vfa\00018_00024.ppm  1  0 0 73 70
vfa\00018_00025.ppm  1  0 0 80 73
vfa\00018_00026.ppm  1  0 0 84 81
vfa\00018_00027.ppm  1  0 0 93 85
vfa\00018_00028.ppm  1  0 0 98 95
vfa\00018_00029.ppm  1  0 0 107 100
vfa\00019_00000.ppm  1  0 0 48 44
vfa\00019_00001.ppm  1  0 0 50 44
vfa\00019_00002.ppm  1  0 0 50 45
vfa\00019_00003.ppm  1  0 0 52 47
vfa\00019_00004.ppm  1  0 0 53 48
vfa\00019_00005.ppm  1  0 0 53 47
vfa\00019_00006.ppm  1  0 0 55 49
vfa\00019_00007.ppm  1  0 0 54 50
vfa\00019_00008.ppm  1  0 0 55 50
vfa\00019_00009.ppm  1  0 0 55 50
vfa\00019_00010.ppm  1  0 0 57 52
vfa\00019_00011.ppm  1  0 0 57 53
vfa\00019_00012.ppm  1  0 0 59 52
vfa\00019_00013.ppm  1  0 0 61 54
vfa\00019_00014.ppm  1  0 0 62 55
vfa\00019_00015.ppm  1  0 0 64 57
vfa\00019_00016.ppm  1  0 0 67 58
vfa\00019_00017.ppm  1  0 0 70 60
vfa\00019_00018.ppm  1  0 0 71 61
vfa\00019_00019.ppm  1  0 0 72 62
vfa\00019_00020.ppm  1  0 0 73 64
vfa\00019_00021.ppm  1  0 0 74 68
vfa\00019_00022.ppm  1  0 0 76 70
vfa\00019_00023.ppm  1  0 0 82 72
vfa\00019_00024.ppm  1  0 0 84 73
vfa\00019_00025.ppm  1  0 0 86 75
vfa\00019_00026.ppm  1  0 0 88 78
vfa\00019_00027.ppm  1  0 0 94 81
vfa\00019_00028.ppm  1  0 0 96 83
vfa\00019_00029.ppm  1  0 0 98 87
vfa\00020_00000.ppm  1  0 0 35 32
vfa\00020_00001.ppm  1  0 0 36 33
vfa\00020_00002.ppm  1  0 0 38 36
vfa\00020_00003.ppm  1  0 0 39 38
vfa\00020_00004.ppm  1  0 0 40 38
vfa\00020_00005.ppm  1  0 0 42 38
vfa\00020_00006.ppm  1  0 0 41 39
vfa\00020_00007.ppm  1  0 0 43 40
vfa\00020_00008.ppm  1  0 0 45 42
vfa\00020_00009.ppm  1  0 0 48 43
vfa\00020_00010.ppm  1  0 0 48 45
vfa\00020_00011.ppm  1  0 0 49 46
vfa\00020_00012.ppm  1  0 0 51 48
vfa\00020_00013.ppm  1  0 0 52 46
vfa\00020_00014.ppm  1  0 0 52 49
vfa\00020_00015.ppm  1  0 0 55 52
vfa\00020_00016.ppm  1  0 0 56 52
vfa\00020_00017.ppm  1  0 0 59 55
vfa\00020_00018.ppm  1  0 0 63 59
vfa\00020_00019.ppm  1  0 0 64 60
vfa\00020_00020.ppm  1  0 0 70 64
vfa\00020_00021.ppm  1  0 0 75 72
vfa\00020_00022.ppm  1  0 0 82 74
vfa\00020_00023.ppm  1  0 0 88 81
vfa\00020_00024.ppm  1  0 0 95 85
vfa\00020_00025.ppm  1  0 0 106 94
vfa\00020_00026.ppm  1  0 0 118 106
vfa\00020_00027.ppm  1  0 0 128 113
vfa\00020_00028.ppm  1  0 0 146 130
vfa\00020_00029.ppm  1  0 0 165 144
vfa\00021_00000.ppm  1  0 0 26 25
vfa\00021_00001.ppm  1  0 0 28 27
vfa\00021_00002.ppm  1  0 0 29 28
vfa\00021_00003.ppm  1  0 0 29 27
vfa\00021_00004.ppm  1  0 0 30 28
vfa\00021_00005.ppm  1  0 0 30 29
vfa\00021_00006.ppm  1  0 0 32 30
vfa\00021_00007.ppm  1  0 0 34 30
vfa\00021_00008.ppm  1  0 0 34 31
vfa\00021_00009.ppm  1  0 0 36 33
vfa\00021_00010.ppm  1  0 0 36 31
vfa\00021_00011.ppm  1  0 0 37 33
vfa\00021_00012.ppm  1  0 0 37 34
vfa\00021_00013.ppm  1  0 0 39 36
vfa\00021_00014.ppm  1  0 0 42 37
vfa\00021_00015.ppm  1  0 0 41 36
vfa\00021_00016.ppm  1  0 0 45 39
vfa\00021_00017.ppm  1  0 0 49 41
vfa\00021_00018.ppm  1  0 0 50 43
vfa\00021_00019.ppm  1  0 0 52 47
vfa\00021_00020.ppm  1  0 0 55 51
vfa\00021_00021.ppm  1  0 0 57 52
vfa\00021_00022.ppm  1  0 0 61 56
vfa\00021_00023.ppm  1  0 0 67 60
vfa\00021_00024.ppm  1  0 0 74 67
vfa\00021_00025.ppm  1  0 0 82 73
vfa\00021_00026.ppm  1  0 0 82 82
vfa\00021_00027.ppm  1  0 0 95 91
vfa\00021_00028.ppm  1  0 0 107 98
vfa\00021_00029.ppm  1  0 0 124 110
vfa\00022_00000.ppm  1  0 0 47 44
vfa\00022_00001.ppm  1  0 0 47 45
vfa\00022_00002.ppm  1  0 0 47 44
vfa\00022_00003.ppm  1  0 0 46 44
vfa\00022_00004.ppm  1  0 0 46 46
vfa\00022_00005.ppm  1  0 0 47 46
vfa\00022_00006.ppm  1  0 0 49 48
vfa\00022_00007.ppm  1  0 0 50 50
vfa\00022_00008.ppm  1  0 0 49 49
vfa\00022_00009.ppm  1  0 0 50 50
vfa\00022_00010.ppm  1  0 0 51 51
vfa\00022_00011.ppm  1  0 0 52 52
vfa\00022_00012.ppm  1  0 0 52 52
vfa\00022_00013.ppm  1  0 0 53 53
vfa\00022_00014.ppm  1  0 0 54 55
vfa\00022_00015.ppm  1  0 0 55 55
vfa\00022_00016.ppm  1  0 0 56 57
vfa\00022_00017.ppm  1  0 0 55 58
vfa\00022_00018.ppm  1  0 0 62 72
vfa\00022_00019.ppm  1  0 0 69 76
vfa\00022_00020.ppm  1  0 0 69 77
vfa\00022_00021.ppm  1  0 0 70 80
vfa\00022_00022.ppm  1  0 0 71 79
vfa\00022_00023.ppm  1  0 0 73 82
vfa\00022_00024.ppm  1  0 0 74 83
vfa\00022_00025.ppm  1  0 0 75 86
vfa\00022_00026.ppm  1  0 0 74 85
vfa\00022_00027.ppm  1  0 0 76 87
vfa\00022_00028.ppm  1  0 0 76 92
vfa\00022_00029.ppm  1  0 0 80 92
vfa\00023_00000.ppm  1  0 0 26 32
vfa\00023_00001.ppm  1  0 0 28 32
vfa\00023_00002.ppm  1  0 0 27 34
vfa\00023_00003.ppm  1  0 0 27 33
vfa\00023_00004.ppm  1  0 0 29 34
vfa\00023_00005.ppm  1  0 0 28 36
vfa\00023_00006.ppm  1  0 0 31 35
vfa\00023_00007.ppm  1  0 0 31 36
vfa\00023_00008.ppm  1  0 0 31 38
vfa\00023_00009.ppm  1  0 0 32 40
vfa\00023_00010.ppm  1  0 0 34 40
vfa\00023_00011.ppm  1  0 0 34 41
vfa\00023_00012.ppm  1  0 0 35 43
vfa\00023_00013.ppm  1  0 0 36 44
vfa\00023_00014.ppm  1  0 0 38 47
vfa\00023_00015.ppm  1  0 0 38 49
vfa\00023_00016.ppm  1  0 0 38 51
vfa\00023_00017.ppm  1  0 0 41 54
vfa\00023_00018.ppm  1  0 0 43 56
vfa\00023_00019.ppm  1  0 0 45 59
vfa\00023_00020.ppm  1  0 0 47 63
vfa\00023_00021.ppm  1  0 0 50 69
vfa\00023_00022.ppm  1  0 0 51 72
vfa\00023_00023.ppm  1  0 0 53 76
vfa\00023_00024.ppm  1  0 0 57 83
vfa\00023_00025.ppm  1  0 0 61 93
vfa\00023_00026.ppm  1  0 0 63 99
vfa\00023_00027.ppm  1  0 0 69 108
vfa\00023_00028.ppm  1  0 0 70 123
vfa\00023_00029.ppm  1  0 0 72 135
vfa\00024_00000.ppm  1  0 0 34 34
vfa\00024_00001.ppm  1  0 0 35 34
vfa\00024_00002.ppm  1  0 0 37 35
vfa\00024_00003.ppm  1  0 0 40 38
vfa\00024_00004.ppm  1  0 0 39 38
vfa\00024_00005.ppm  1  0 0 40 38
vfa\00024_00006.ppm  1  0 0 39 38
vfa\00024_00007.ppm  1  0 0 41 39
vfa\00024_00008.ppm  1  0 0 42 40
vfa\00024_00009.ppm  1  0 0 43 40
vfa\00024_00010.ppm  1  0 0 46 43
vfa\00024_00011.ppm  1  0 0 47 43
vfa\00024_00012.ppm  1  0 0 47 44
vfa\00024_00013.ppm  1  0 0 48 47
vfa\00024_00014.ppm  1  0 0 48 47
vfa\00024_00015.ppm  1  0 0 51 46
vfa\00024_00016.ppm  1  0 0 54 50
vfa\00024_00017.ppm  1  0 0 57 51
vfa\00024_00018.ppm  1  0 0 58 54
vfa\00024_00019.ppm  1  0 0 62 57
vfa\00024_00020.ppm  1  0 0 70 60
vfa\00024_00021.ppm  1  0 0 76 64
vfa\00024_00022.ppm  1  0 0 81 71
vfa\00024_00023.ppm  1  0 0 87 78
vfa\00024_00024.ppm  1  0 0 99 86
vfa\00024_00025.ppm  1  0 0 111 94
vfa\00024_00026.ppm  1  0 0 121 104
vfa\00024_00027.ppm  1  0 0 124 111
vfa\00024_00028.ppm  1  0 0 143 129
vfa\00024_00029.ppm  1  0 0 160 137
vfa\00025_00000.ppm  1  0 0 33 31
vfa\00025_00001.ppm  1  0 0 34 33
vfa\00025_00002.ppm  1  0 0 34 32
vfa\00025_00003.ppm  1  0 0 35 34
vfa\00025_00004.ppm  1  0 0 34 31
vfa\00025_00005.ppm  1  0 0 36 35
vfa\00025_00006.ppm  1  0 0 37 34
vfa\00025_00007.ppm  1  0 0 37 36
vfa\00025_00008.ppm  1  0 0 39 37
vfa\00025_00009.ppm  1  0 0 40 37
vfa\00025_00010.ppm  1  0 0 40 38
vfa\00025_00011.ppm  1  0 0 42 39
vfa\00025_00012.ppm  1  0 0 43 39
vfa\00025_00013.ppm  1  0 0 45 40
vfa\00025_00014.ppm  1  0 0 47 42
vfa\00025_00015.ppm  1  0 0 49 45
vfa\00025_00016.ppm  1  0 0 52 47
vfa\00025_00017.ppm  1  0 0 53 50
vfa\00025_00018.ppm  1  0 0 57 51
vfa\00025_00019.ppm  1  0 0 59 53
vfa\00025_00020.ppm  1  0 0 61 57
vfa\00025_00021.ppm  1  0 0 63 58
vfa\00025_00022.ppm  1  0 0 67 60
vfa\00025_00023.ppm  1  0 0 73 65
vfa\00025_00024.ppm  1  0 0 81 70
vfa\00025_00025.ppm  1  0 0 86 74
vfa\00025_00026.ppm  1  0 0 93 83
vfa\00025_00027.ppm  1  0 0 99 92
vfa\00025_00028.ppm  1  0 0 110 101
vfa\00025_00029.ppm  1  0 0 129 116
vfa\00026_00000.ppm  1  0 0 33 36
vfa\00026_00001.ppm  1  0 0 34 37
vfa\00026_00002.ppm  1  0 0 32 39
vfa\00026_00003.ppm  1  0 0 32 40
vfa\00026_00004.ppm  1  0 0 34 40
vfa\00026_00005.ppm  1  0 0 36 44
vfa\00026_00006.ppm  1  0 0 37 45
vfa\00026_00007.ppm  1  0 0 37 45
vfa\00026_00008.ppm  1  0 0 37 45
vfa\00026_00009.ppm  1  0 0 38 46
vfa\00026_00010.ppm  1  0 0 39 49
vfa\00026_00011.ppm  1  0 0 40 49
vfa\00026_00012.ppm  1  0 0 43 49
vfa\00026_00013.ppm  1  0 0 44 53
vfa\00026_00014.ppm  1  0 0 43 54
vfa\00026_00015.ppm  1  0 0 45 59
vfa\00026_00016.ppm  1  0 0 46 59
vfa\00026_00017.ppm  1  0 0 46 60
vfa\00026_00018.ppm  1  0 0 48 62
vfa\00026_00019.ppm  1  0 0 51 65
vfa\00026_00020.ppm  1  0 0 53 69
vfa\00026_00021.ppm  1  0 0 54 75
vfa\00026_00022.ppm  1  0 0 55 76
vfa\00026_00023.ppm  1  0 0 57 82
vfa\00026_00024.ppm  1  0 0 57 83
vfa\00026_00025.ppm  1  0 0 60 93
vfa\00026_00026.ppm  1  0 0 61 100
vfa\00026_00027.ppm  1  0 0 62 108
vfa\00026_00028.ppm  1  0 0 65 117
vfa\00026_00029.ppm  1  0 0 69 123
vfa\00027_00000.ppm  1  0 0 30 31
vfa\00027_00001.ppm  1  0 0 30 31
vfa\00027_00002.ppm  1  0 0 31 31
vfa\00027_00003.ppm  1  0 0 32 32
vfa\00027_00004.ppm  1  0 0 30 31
vfa\00027_00005.ppm  1  0 0 31 32
vfa\00027_00006.ppm  1  0 0 32 32
vfa\00027_00007.ppm  1  0 0 32 33
vfa\00027_00008.ppm  1  0 0 32 33
vfa\00027_00009.ppm  1  0 0 33 32
vfa\00027_00010.ppm  1  0 0 34 31
vfa\00027_00011.ppm  1  0 0 33 31
vfa\00027_00012.ppm  1  0 0 33 31
vfa\00027_00013.ppm  1  0 0 34 32
vfa\00027_00014.ppm  1  0 0 34 34
vfa\00027_00015.ppm  1  0 0 35 33
vfa\00027_00016.ppm  1  0 0 34 34
vfa\00027_00017.ppm  1  0 0 35 34
vfa\00027_00018.ppm  1  0 0 35 34
vfa\00027_00019.ppm  1  0 0 34 35
vfa\00027_00020.ppm  1  0 0 35 35
vfa\00027_00021.ppm  1  0 0 35 34
vfa\00027_00022.ppm  1  0 0 36 34
vfa\00027_00023.ppm  1  0 0 37 36
vfa\00027_00024.ppm  1  0 0 37 36
vfa\00027_00025.ppm  1  0 0 38 37
vfa\00027_00026.ppm  1  0 0 39 37
vfa\00027_00027.ppm  1  0 0 40 39
vfa\00027_00028.ppm  1  0 0 41 38
vfa\00027_00029.ppm  1  0 0 41 39
vfa\00028_00000.ppm  1  0 0 47 46
vfa\00028_00001.ppm  1  0 0 48 46
vfa\00028_00002.ppm  1  0 0 47 46
vfa\00028_00003.ppm  1  0 0 47 46
vfa\00028_00004.ppm  1  0 0 48 46
vfa\00028_00005.ppm  1  0 0 47 46
vfa\00028_00006.ppm  1  0 0 49 47
vfa\00028_00007.ppm  1  0 0 48 46
vfa\00028_00008.ppm  1  0 0 48 46
vfa\00028_00009.ppm  1  0 0 49 46
vfa\00028_00010.ppm  1  0 0 48 46
vfa\00028_00011.ppm  1  0 0 49 45
vfa\00028_00012.ppm  1  0 0 48 45
vfa\00028_00013.ppm  1  0 0 48 45
vfa\00028_00014.ppm  1  0 0 49 45
vfa\00028_00015.ppm  1  0 0 49 45
vfa\00028_00016.ppm  1  0 0 48 45
vfa\00028_00017.ppm  1  0 0 49 45
vfa\00028_00018.ppm  1  0 0 48 45
vfa\00028_00019.ppm  1  0 0 49 45
vfa\00028_00020.ppm  1  0 0 49 46
vfa\00028_00021.ppm  1  0 0 48 46
vfa\00028_00022.ppm  1  0 0 49 47
vfa\00028_00023.ppm  1  0 0 50 46
vfa\00028_00024.ppm  1  0 0 50 47
vfa\00028_00025.ppm  1  0 0 50 47
vfa\00028_00026.ppm  1  0 0 50 48
vfa\00028_00027.ppm  1  0 0 50 48
vfa\00028_00028.ppm  1  0 0 50 47
vfa\00028_00029.ppm  1  0 0 50 47
vfa\00029_00000.ppm  1  0 0 29 30
vfa\00029_00001.ppm  1  0 0 30 31
vfa\00029_00002.ppm  1  0 0 31 30
vfa\00029_00003.ppm  1  0 0 32 31
vfa\00029_00004.ppm  1  0 0 32 30
vfa\00029_00005.ppm  1  0 0 32 32
vfa\00029_00006.ppm  1  0 0 32 31
vfa\00029_00007.ppm  1  0 0 34 33
vfa\00029_00008.ppm  1  0 0 35 33
vfa\00029_00009.ppm  1  0 0 34 33
vfa\00029_00010.ppm  1  0 0 36 34
vfa\00029_00011.ppm  1  0 0 36 34
vfa\00029_00012.ppm  1  0 0 37 34
vfa\00029_00013.ppm  1  0 0 38 35
vfa\00029_00014.ppm  1  0 0 38 37
vfa\00029_00015.ppm  1  0 0 40 37
vfa\00029_00016.ppm  1  0 0 40 39
vfa\00029_00017.ppm  1  0 0 43 40
vfa\00029_00018.ppm  1  0 0 44 41
vfa\00029_00019.ppm  1  0 0 42 40
vfa\00029_00020.ppm  1  0 0 44 40
vfa\00029_00021.ppm  1  0 0 45 41
vfa\00029_00022.ppm  1  0 0 45 42
vfa\00029_00023.ppm  1  0 0 45 44
vfa\00029_00024.ppm  1  0 0 48 43
vfa\00029_00025.ppm  1  0 0 48 44
vfa\00029_00026.ppm  1  0 0 50 46
vfa\00029_00027.ppm  1  0 0 51 46
vfa\00029_00028.ppm  1  0 0 51 46
vfa\00029_00029.ppm  1  0 0 53 48
vfa\00030_00000.ppm  1  0 0 34 33
vfa\00030_00001.ppm  1  0 0 34 35
vfa\00030_00002.ppm  1  0 0 33 33
vfa\00030_00003.ppm  1  0 0 35 35
vfa\00030_00004.ppm  1  0 0 37 36
vfa\00030_00005.ppm  1  0 0 37 35
vfa\00030_00006.ppm  1  0 0 37 36
vfa\00030_00007.ppm  1  0 0 40 37
vfa\00030_00008.ppm  1  0 0 40 37
vfa\00030_00009.ppm  1  0 0 41 39
vfa\00030_00010.ppm  1  0 0 42 41
vfa\00030_00011.ppm  1  0 0 43 42
vfa\00030_00012.ppm  1  0 0 45 43
vfa\00030_00013.ppm  1  0 0 47 45
vfa\00030_00014.ppm  1  0 0 47 45
vfa\00030_00015.ppm  1  0 0 48 46
vfa\00030_00016.ppm  1  0 0 49 48
vfa\00030_00017.ppm  1  0 0 50 50
vfa\00030_00018.ppm  1  0 0 52 51
vfa\00030_00019.ppm  1  0 0 56 52
vfa\00030_00020.ppm  1  0 0 60 55
vfa\00030_00021.ppm  1  0 0 61 58
vfa\00030_00022.ppm  1  0 0 68 62
vfa\00030_00023.ppm  1  0 0 70 63
vfa\00030_00024.ppm  1  0 0 77 70
vfa\00030_00025.ppm  1  0 0 82 76
vfa\00030_00026.ppm  1  0 0 92 83
vfa\00030_00027.ppm  1  0 0 97 88
vfa\00030_00028.ppm  1  0 0 110 99
vfa\00030_00029.ppm  1  0 0 122 107
vfa\00031_00000.ppm  1  0 0 29 26
vfa\00031_00001.ppm  1  0 0 29 27
vfa\00031_00002.ppm  1  0 0 30 27
vfa\00031_00003.ppm  1  0 0 31 27
vfa\00031_00004.ppm  1  0 0 30 29
vfa\00031_00005.ppm  1  0 0 30 29
vfa\00031_00006.ppm  1  0 0 31 29
vfa\00031_00007.ppm  1  0 0 32 30
vfa\00031_00008.ppm  1  0 0 33 31
vfa\00031_00009.ppm  1  0 0 32 30
vfa\00031_00010.ppm  1  0 0 33 32
vfa\00031_00011.ppm  1  0 0 34 32
vfa\00031_00012.ppm  1  0 0 35 33
vfa\00031_00013.ppm  1  0 0 36 33
vfa\00031_00014.ppm  1  0 0 35 34
vfa\00031_00015.ppm  1  0 0 37 34
vfa\00031_00016.ppm  1  0 0 38 36
vfa\00031_00017.ppm  1  0 0 39 35
vfa\00031_00018.ppm  1  0 0 40 38
vfa\00031_00019.ppm  1  0 0 41 39
vfa\00031_00020.ppm  1  0 0 44 38
vfa\00031_00021.ppm  1  0 0 44 38
vfa\00031_00022.ppm  1  0 0 47 42
vfa\00031_00023.ppm  1  0 0 48 43
vfa\00031_00024.ppm  1  0 0 50 44
vfa\00031_00025.ppm  1  0 0 52 46
vfa\00031_00026.ppm  1  0 0 54 50
vfa\00031_00027.ppm  1  0 0 56 50
vfa\00031_00028.ppm  1  0 0 57 52
vfa\00031_00029.ppm  1  0 0 60 52
vfa\00032_00000.ppm  1  0 0 33 31
vfa\00032_00001.ppm  1  0 0 34 31
vfa\00032_00002.ppm  1  0 0 35 32
vfa\00032_00003.ppm  1  0 0 36 33
vfa\00032_00004.ppm  1  0 0 38 35
vfa\00032_00005.ppm  1  0 0 40 37
vfa\00032_00006.ppm  1  0 0 40 37
vfa\00032_00007.ppm  1  0 0 41 37
vfa\00032_00008.ppm  1  0 0 43 39
vfa\00032_00009.ppm  1  0 0 44 38
vfa\00032_00010.ppm  1  0 0 46 37
vfa\00032_00011.ppm  1  0 0 47 40
vfa\00032_00012.ppm  1  0 0 51 41
vfa\00032_00013.ppm  1  0 0 52 43
vfa\00032_00014.ppm  1  0 0 56 45
vfa\00032_00015.ppm  1  0 0 57 47
vfa\00032_00016.ppm  1  0 0 60 47
vfa\00032_00017.ppm  1  0 0 65 48
vfa\00032_00018.ppm  1  0 0 68 51
vfa\00032_00019.ppm  1  0 0 72 53
vfa\00032_00020.ppm  1  0 0 77 55
vfa\00032_00021.ppm  1  0 0 80 58
vfa\00032_00022.ppm  1  0 0 85 63
vfa\00032_00023.ppm  1  0 0 90 68
vfa\00032_00024.ppm  1  0 0 101 75
vfa\00032_00025.ppm  1  0 0 115 85
vfa\00032_00026.ppm  1  0 0 130 96
vfa\00032_00027.ppm  1  0 0 146 108
vfa\00032_00028.ppm  1  0 0 169 124
vfa\00032_00029.ppm  1  0 0 207 146
vfa\00033_00000.ppm  1  0 0 33 30
vfa\00033_00001.ppm  1  0 0 34 30
vfa\00033_00002.ppm  1  0 0 34 34
vfa\00033_00003.ppm  1  0 0 32 30
vfa\00033_00004.ppm  1  0 0 34 32
vfa\00033_00005.ppm  1  0 0 37 33
vfa\00033_00006.ppm  1  0 0 37 35
vfa\00033_00007.ppm  1  0 0 38 36
vfa\00033_00008.ppm  1  0 0 41 38
vfa\00033_00009.ppm  1  0 0 44 40
vfa\00033_00010.ppm  1  0 0 46 40
vfa\00033_00011.ppm  1  0 0 45 39
vfa\00033_00012.ppm  1  0 0 45 39
vfa\00033_00013.ppm  1  0 0 49 42
vfa\00033_00014.ppm  1  0 0 52 45
vfa\00033_00015.ppm  1  0 0 51 49
vfa\00033_00016.ppm  1  0 0 51 49
vfa\00033_00017.ppm  1  0 0 59 53
vfa\00033_00018.ppm  1  0 0 61 57
vfa\00033_00019.ppm  1  0 0 69 61
vfa\00033_00020.ppm  1  0 0 70 62
vfa\00033_00021.ppm  1  0 0 75 65
vfa\00033_00022.ppm  1  0 0 82 72
vfa\00033_00023.ppm  1  0 0 86 76
vfa\00033_00024.ppm  1  0 0 97 85
vfa\00033_00025.ppm  1  0 0 105 96
vfa\00033_00026.ppm  1  0 0 113 105
vfa\00033_00027.ppm  1  0 0 132 118
vfa\00033_00028.ppm  1  0 0 142 131
vfa\00033_00029.ppm  1  0 0 166 155
vfa\00034_00000.ppm  1  0 0 30 29
vfa\00034_00001.ppm  1  0 0 32 30
vfa\00034_00002.ppm  1  0 0 34 32
vfa\00034_00003.ppm  1  0 0 36 32
vfa\00034_00004.ppm  1  0 0 36 33
vfa\00034_00005.ppm  1  0 0 36 34
vfa\00034_00006.ppm  1  0 0 36 35
vfa\00034_00007.ppm  1  0 0 36 35
vfa\00034_00008.ppm  1  0 0 37 33
vfa\00034_00009.ppm  1  0 0 37 35
vfa\00034_00010.ppm  1  0 0 39 37
vfa\00034_00011.ppm  1  0 0 39 36
vfa\00034_00012.ppm  1  0 0 39 37
vfa\00034_00013.ppm  1  0 0 39 38
vfa\00034_00014.ppm  1  0 0 40 39
vfa\00034_00015.ppm  1  0 0 40 38
vfa\00034_00016.ppm  1  0 0 41 39
vfa\00034_00017.ppm  1  0 0 42 39
vfa\00034_00018.ppm  1  0 0 42 39
vfa\00034_00019.ppm  1  0 0 43 40
vfa\00034_00020.ppm  1  0 0 44 41
vfa\00034_00021.ppm  1  0 0 45 42
vfa\00034_00022.ppm  1  0 0 46 44
vfa\00034_00023.ppm  1  0 0 46 44
vfa\00034_00024.ppm  1  0 0 48 46
vfa\00034_00025.ppm  1  0 0 48 45
vfa\00034_00026.ppm  1  0 0 50 47
vfa\00034_00027.ppm  1  0 0 50 48
vfa\00034_00028.ppm  1  0 0 50 47
vfa\00034_00029.ppm  1  0 0 52 50
vfa\00035_00000.ppm  1  0 0 35 38
vfa\00035_00001.ppm  1  0 0 39 42
vfa\00035_00002.ppm  1  0 0 41 46
vfa\00035_00003.ppm  1  0 0 43 47
vfa\00035_00004.ppm  1  0 0 43 49
vfa\00035_00005.ppm  1  0 0 45 50
vfa\00035_00006.ppm  1  0 0 45 51
vfa\00035_00007.ppm  1  0 0 47 54
vfa\00035_00008.ppm  1  0 0 48 55
vfa\00035_00009.ppm  1  0 0 53 57
vfa\00035_00010.ppm  1  0 0 54 60
vfa\00035_00011.ppm  1  0 0 55 61
vfa\00035_00012.ppm  1  0 0 56 62
vfa\00035_00013.ppm  1  0 0 59 68
vfa\00035_00014.ppm  1  0 0 61 69
vfa\00035_00015.ppm  1  0 0 65 73
vfa\00035_00016.ppm  1  0 0 68 74
vfa\00035_00017.ppm  1  0 0 71 80
vfa\00035_00018.ppm  1  0 0 76 83
vfa\00035_00019.ppm  1  0 0 83 91
vfa\00035_00020.ppm  1  0 0 87 94
vfa\00035_00021.ppm  1  0 0 94 100
vfa\00035_00022.ppm  1  0 0 98 106
vfa\00035_00023.ppm  1  0 0 107 111
vfa\00035_00024.ppm  1  0 0 113 119
vfa\00035_00025.ppm  1  0 0 125 128
vfa\00035_00026.ppm  1  0 0 132 134
vfa\00035_00027.ppm  1  0 0 146 142
vfa\00035_00028.ppm  1  0 0 158 156
vfa\00035_00029.ppm  1  0 0 170 166
vfa\00036_00000.ppm  1  0 0 36 36
vfa\00036_00001.ppm  1  0 0 36 36
vfa\00036_00002.ppm  1  0 0 37 35
vfa\00036_00003.ppm  1  0 0 37 36
vfa\00036_00004.ppm  1  0 0 39 39
vfa\00036_00005.ppm  1  0 0 40 39
vfa\00036_00006.ppm  1  0 0 39 38
vfa\00036_00007.ppm  1  0 0 39 38
vfa\00036_00008.ppm  1  0 0 40 38
vfa\00036_00009.ppm  1  0 0 42 41
vfa\00036_00010.ppm  1  0 0 42 40
vfa\00036_00011.ppm  1  0 0 41 40
vfa\00036_00012.ppm  1  0 0 43 41
vfa\00036_00013.ppm  1  0 0 42 41
vfa\00036_00014.ppm  1  0 0 42 41
vfa\00036_00015.ppm  1  0 0 42 42
vfa\00036_00016.ppm  1  0 0 43 42
vfa\00036_00017.ppm  1  0 0 44 43
vfa\00036_00018.ppm  1  0 0 44 43
vfa\00036_00019.ppm  1  0 0 46 44
vfa\00036_00020.ppm  1  0 0 49 46
vfa\00036_00021.ppm  1  0 0 53 52
vfa\00036_00022.ppm  1  0 0 55 54
vfa\00036_00023.ppm  1  0 0 61 57
vfa\00036_00024.ppm  1  0 0 63 60
vfa\00036_00025.ppm  1  0 0 71 68
vfa\00036_00026.ppm  1  0 0 82 71
vfa\00036_00027.ppm  1  0 0 85 81
vfa\00036_00028.ppm  1  0 0 98 88
vfa\00036_00029.ppm  1  0 0 117 105
vfa\00037_00000.ppm  1  0 0 36 36
vfa\00037_00001.ppm  1  0 0 35 35
vfa\00037_00002.ppm  1  0 0 35 35
vfa\00037_00003.ppm  1  0 0 36 36
vfa\00037_00004.ppm  1  0 0 38 38
vfa\00037_00005.ppm  1  0 0 38 37
vfa\00037_00006.ppm  1  0 0 40 39
vfa\00037_00007.ppm  1  0 0 39 39
vfa\00037_00008.ppm  1  0 0 42 42
vfa\00037_00009.ppm  1  0 0 41 41
vfa\00037_00010.ppm  1  0 0 43 43
vfa\00037_00011.ppm  1  0 0 43 43
vfa\00037_00012.ppm  1  0 0 43 44
vfa\00037_00013.ppm  1  0 0 46 45
vfa\00037_00014.ppm  1  0 0 46 46
vfa\00037_00015.ppm  1  0 0 45 45
vfa\00037_00016.ppm  1  0 0 49 49
vfa\00037_00017.ppm  1  0 0 50 49
vfa\00037_00018.ppm  1  0 0 54 54
vfa\00037_00019.ppm  1  0 0 54 54
vfa\00037_00020.ppm  1  0 0 58 58
vfa\00037_00021.ppm  1  0 0 68 67
vfa\00037_00022.ppm  1  0 0 72 72
vfa\00037_00023.ppm  1  0 0 74 74
vfa\00037_00024.ppm  1  0 0 83 84
vfa\00037_00025.ppm  1  0 0 96 96
vfa\00037_00026.ppm  1  0 0 107 107
vfa\00037_00027.ppm  1  0 0 121 122
vfa\00037_00028.ppm  1  0 0 143 143
vfa\00037_00029.ppm  1  0 0 172 172
vfa\00038_00000.ppm  1  0 0 39 36
vfa\00038_00001.ppm  1  0 0 38 37
vfa\00038_00002.ppm  1  0 0 39 36
vfa\00038_00003.ppm  1  0 0 37 35
vfa\00038_00004.ppm  1  0 0 38 36
vfa\00038_00005.ppm  1  0 0 38 38
vfa\00038_00006.ppm  1  0 0 41 39
vfa\00038_00007.ppm  1  0 0 41 39
vfa\00038_00008.ppm  1  0 0 41 39
vfa\00038_00009.ppm  1  0 0 44 41
vfa\00038_00010.ppm  1  0 0 44 42
vfa\00038_00011.ppm  1  0 0 46 44
vfa\00038_00012.ppm  1  0 0 49 45
vfa\00038_00013.ppm  1  0 0 52 48
vfa\00038_00014.ppm  1  0 0 53 49
vfa\00038_00015.ppm  1  0 0 56 51
vfa\00038_00016.ppm  1  0 0 59 53
vfa\00038_00017.ppm  1  0 0 61 54
vfa\00038_00018.ppm  1  0 0 62 58
vfa\00038_00019.ppm  1  0 0 65 61
vfa\00038_00020.ppm  1  0 0 68 62
vfa\00038_00021.ppm  1  0 0 70 65
vfa\00038_00022.ppm  1  0 0 74 69
vfa\00038_00023.ppm  1  0 0 81 73
vfa\00038_00024.ppm  1  0 0 87 81
vfa\00038_00025.ppm  1  0 0 94 85
vfa\00038_00026.ppm  1  0 0 105 96
vfa\00038_00027.ppm  1  0 0 111 105
vfa\00038_00028.ppm  1  0 0 124 117
vfa\00038_00029.ppm  1  0 0 148 136
vfa\00039_00000.ppm  1  0 0 29 28
vfa\00039_00001.ppm  1  0 0 30 27
vfa\00039_00002.ppm  1  0 0 30 28
vfa\00039_00003.ppm  1  0 0 33 30
vfa\00039_00004.ppm  1  0 0 35 31
vfa\00039_00005.ppm  1  0 0 35 31
vfa\00039_00006.ppm  1  0 0 35 31
vfa\00039_00007.ppm  1  0 0 35 32
vfa\00039_00008.ppm  1  0 0 36 31
vfa\00039_00009.ppm  1  0 0 37 32
vfa\00039_00010.ppm  1  0 0 35 32
vfa\00039_00011.ppm  1  0 0 37 34
vfa\00039_00012.ppm  1  0 0 39 34
vfa\00039_00013.ppm  1  0 0 38 32
vfa\00039_00014.ppm  1  0 0 40 34
vfa\00039_00015.ppm  1  0 0 42 37
vfa\00039_00016.ppm  1  0 0 46 39
vfa\00039_00017.ppm  1  0 0 48 40
vfa\00039_00018.ppm  1  0 0 48 40
vfa\00039_00019.ppm  1  0 0 48 42
vfa\00039_00020.ppm  1  0 0 52 45
vfa\00039_00021.ppm  1  0 0 55 49
vfa\00039_00022.ppm  1  0 0 56 51
vfa\00039_00023.ppm  1  0 0 58 52
vfa\00039_00024.ppm  1  0 0 62 55
vfa\00039_00025.ppm  1  0 0 69 58
vfa\00039_00026.ppm  1  0 0 74 63
vfa\00039_00027.ppm  1  0 0 80 69
vfa\00039_00028.ppm  1  0 0 88 76
vfa\00039_00029.ppm  1  0 0 101 87
vfa\00040_00000.ppm  1  0 0 32 30
vfa\00040_00001.ppm  1  0 0 36 30
vfa\00040_00002.ppm  1  0 0 33 29
vfa\00040_00003.ppm  1  0 0 34 32
vfa\00040_00004.ppm  1  0 0 35 33
vfa\00040_00005.ppm  1  0 0 36 34
vfa\00040_00006.ppm  1  0 0 37 35
vfa\00040_00007.ppm  1  0 0 38 36
vfa\00040_00008.ppm  1  0 0 38 36
vfa\00040_00009.ppm  1  0 0 41 39
vfa\00040_00010.ppm  1  0 0 42 39
vfa\00040_00011.ppm  1  0 0 41 36
vfa\00040_00012.ppm  1  0 0 38 35
vfa\00040_00013.ppm  1  0 0 40 37
vfa\00040_00014.ppm  1  0 0 42 39
vfa\00040_00015.ppm  1  0 0 47 43
vfa\00040_00016.ppm  1  0 0 51 46
vfa\00040_00017.ppm  1  0 0 52 46
vfa\00040_00018.ppm  1  0 0 53 49
vfa\00040_00019.ppm  1  0 0 55 49
vfa\00040_00020.ppm  1  0 0 60 53
vfa\00040_00021.ppm  1  0 0 62 56
vfa\00040_00022.ppm  1  0 0 69 59
vfa\00040_00023.ppm  1  0 0 72 61
vfa\00040_00024.ppm  1  0 0 81 70
vfa\00040_00025.ppm  1  0 0 81 73
vfa\00040_00026.ppm  1  0 0 96 84
vfa\00040_00027.ppm  1  0 0 105 92
vfa\00040_00028.ppm  1  0 0 123 110
vfa\00040_00029.ppm  1  0 0 143 122
vfa\00041_00000.ppm  1  0 0 63 57
vfa\00041_00001.ppm  1  0 0 63 57
vfa\00041_00002.ppm  1  0 0 63 57
vfa\00041_00003.ppm  1  0 0 63 57
vfa\00041_00004.ppm  1  0 0 63 58
vfa\00041_00005.ppm  1  0 0 64 57
vfa\00041_00006.ppm  1  0 0 63 58
vfa\00041_00007.ppm  1  0 0 63 57
vfa\00041_00008.ppm  1  0 0 64 57
vfa\00041_00009.ppm  1  0 0 64 58
vfa\00041_00010.ppm  1  0 0 65 59
vfa\00041_00011.ppm  1  0 0 64 60
vfa\00041_00012.ppm  1  0 0 65 60
vfa\00041_00013.ppm  1  0 0 70 61
vfa\00041_00014.ppm  1  0 0 69 60
vfa\00041_00015.ppm  1  0 0 69 61
vfa\00041_00016.ppm  1  0 0 70 61
vfa\00041_00017.ppm  1  0 0 70 61
vfa\00041_00018.ppm  1  0 0 71 63
vfa\00041_00019.ppm  1  0 0 71 63
vfa\00041_00020.ppm  1  0 0 71 63
vfa\00041_00021.ppm  1  0 0 72 62
vfa\00041_00022.ppm  1  0 0 72 63
vfa\00041_00023.ppm  1  0 0 74 64
vfa\00041_00024.ppm  1  0 0 75 64
vfa\00041_00025.ppm  1  0 0 74 64
vfa\00041_00026.ppm  1  0 0 75 64
vfa\00041_00027.ppm  1  0 0 74 64
vfa\00041_00028.ppm  1  0 0 75 64
vfa\00041_00029.ppm  1  0 0 77 64
vfa\00042_00000.ppm  1  0 0 35 31
vfa\00042_00001.ppm  1  0 0 38 33
vfa\00042_00002.ppm  1  0 0 38 33
vfa\00042_00003.ppm  1  0 0 37 33
vfa\00042_00004.ppm  1  0 0 37 33
vfa\00042_00005.ppm  1  0 0 39 35
vfa\00042_00006.ppm  1  0 0 40 36
vfa\00042_00007.ppm  1  0 0 40 37
vfa\00042_00008.ppm  1  0 0 39 35
vfa\00042_00009.ppm  1  0 0 44 38
vfa\00042_00010.ppm  1  0 0 46 40
vfa\00042_00011.ppm  1  0 0 46 41
vfa\00042_00012.ppm  1  0 0 47 42
vfa\00042_00013.ppm  1  0 0 48 42
vfa\00042_00014.ppm  1  0 0 49 43
vfa\00042_00015.ppm  1  0 0 50 44
vfa\00042_00016.ppm  1  0 0 53 47
vfa\00042_00017.ppm  1  0 0 53 47
vfa\00042_00018.ppm  1  0 0 54 47
vfa\00042_00019.ppm  1  0 0 57 47
vfa\00042_00020.ppm  1  0 0 58 50
vfa\00042_00021.ppm  1  0 0 62 51
vfa\00042_00022.ppm  1  0 0 62 54
vfa\00042_00023.ppm  1  0 0 62 54
vfa\00042_00024.ppm  1  0 0 62 56
vfa\00042_00025.ppm  1  0 0 68 56
vfa\00042_00026.ppm  1  0 0 68 56
vfa\00042_00027.ppm  1  0 0 67 56
vfa\00042_00028.ppm  1  0 0 68 57
vfa\00042_00029.ppm  1  0 0 69 57
vfa\00043_00000.ppm  1  0 0 37 35
vfa\00043_00001.ppm  1  0 0 39 37
vfa\00043_00002.ppm  1  0 0 40 38
vfa\00043_00003.ppm  1  0 0 37 36
vfa\00043_00004.ppm  1  0 0 39 37
vfa\00043_00005.ppm  1  0 0 41 39
vfa\00043_00006.ppm  1  0 0 40 39
vfa\00043_00007.ppm  1  0 0 41 39
vfa\00043_00008.ppm  1  0 0 41 40
vfa\00043_00009.ppm  1  0 0 43 42
vfa\00043_00010.ppm  1  0 0 44 41
vfa\00043_00011.ppm  1  0 0 45 42
vfa\00043_00012.ppm  1  0 0 47 44
vfa\00043_00013.ppm  1  0 0 49 45
vfa\00043_00014.ppm  1  0 0 50 45
vfa\00043_00015.ppm  1  0 0 52 47
vfa\00043_00016.ppm  1  0 0 50 46
vfa\00043_00017.ppm  1  0 0 55 48
vfa\00043_00018.ppm  1  0 0 55 49
vfa\00043_00019.ppm  1  0 0 56 50
vfa\00043_00020.ppm  1  0 0 61 53
vfa\00043_00021.ppm  1  0 0 62 55
vfa\00043_00022.ppm  1  0 0 64 57
vfa\00043_00023.ppm  1  0 0 69 57
vfa\00043_00024.ppm  1  0 0 71 61
vfa\00043_00025.ppm  1  0 0 74 67
vfa\00043_00026.ppm  1  0 0 74 69
vfa\00043_00027.ppm  1  0 0 82 74
vfa\00043_00028.ppm  1  0 0 87 76
vfa\00043_00029.ppm  1  0 0 93 85
vfa\00044_00000.ppm  1  0 0 39 36
vfa\00044_00001.ppm  1  0 0 40 38
vfa\00044_00002.ppm  1  0 0 43 40
vfa\00044_00003.ppm  1  0 0 46 42
vfa\00044_00004.ppm  1  0 0 43 39
vfa\00044_00005.ppm  1  0 0 43 41
vfa\00044_00006.ppm  1  0 0 43 40
vfa\00044_00007.ppm  1  0 0 46 42
vfa\00044_00008.ppm  1  0 0 48 42
vfa\00044_00009.ppm  1  0 0 49 43
vfa\00044_00010.ppm  1  0 0 47 42
vfa\00044_00011.ppm  1  0 0 48 44
vfa\00044_00012.ppm  1  0 0 50 44
vfa\00044_00013.ppm  1  0 0 50 45
vfa\00044_00014.ppm  1  0 0 51 46
vfa\00044_00015.ppm  1  0 0 51 45
vfa\00044_00016.ppm  1  0 0 53 49
vfa\00044_00017.ppm  1  0 0 55 49
vfa\00044_00018.ppm  1  0 0 57 52
vfa\00044_00019.ppm  1  0 0 63 54
vfa\00044_00020.ppm  1  0 0 70 57
vfa\00044_00021.ppm  1  0 0 68 60
vfa\00044_00022.ppm  1  0 0 68 61
vfa\00044_00023.ppm  1  0 0 72 60
vfa\00044_00024.ppm  1  0 0 73 67
vfa\00044_00025.ppm  1  0 0 80 70
vfa\00044_00026.ppm  1  0 0 82 73
vfa\00044_00027.ppm  1  0 0 86 75
vfa\00044_00028.ppm  1  0 0 93 80
vfa\00044_00029.ppm  1  0 0 96 83
vfa\00045_00000.ppm  1  0 0 71 71
vfa\00045_00001.ppm  1  0 0 71 71
vfa\00045_00002.ppm  1  0 0 75 74
vfa\00045_00003.ppm  1  0 0 74 74
vfa\00045_00004.ppm  1  0 0 76 76
vfa\00045_00005.ppm  1  0 0 76 76
vfa\00045_00006.ppm  1  0 0 80 80
vfa\00045_00007.ppm  1  0 0 81 81
vfa\00045_00008.ppm  1  0 0 81 81
vfa\00045_00009.ppm  1  0 0 80 81
vfa\00045_00010.ppm  1  0 0 81 80
vfa\00045_00011.ppm  1  0 0 83 82
vfa\00045_00012.ppm  1  0 0 84 84
vfa\00045_00013.ppm  1  0 0 88 88
vfa\00045_00014.ppm  1  0 0 92 91
vfa\00045_00015.ppm  1  0 0 95 95
vfa\00045_00016.ppm  1  0 0 97 97
vfa\00045_00017.ppm  1  0 0 97 97
vfa\00045_00018.ppm  1  0 0 103 103
vfa\00045_00019.ppm  1  0 0 106 106
vfa\00045_00020.ppm  1  0 0 112 112
vfa\00045_00021.ppm  1  0 0 118 118
vfa\00045_00022.ppm  1  0 0 121 120
vfa\00045_00023.ppm  1  0 0 124 125
vfa\00045_00024.ppm  1  0 0 129 129
vfa\00045_00025.ppm  1  0 0 137 137
vfa\00045_00026.ppm  1  0 0 143 142
vfa\00045_00027.ppm  1  0 0 152 152
vfa\00045_00028.ppm  1  0 0 154 154
vfa\00045_00029.ppm  1  0 0 158 169
vfa\00046_00000.ppm  1  0 0 32 39
vfa\00046_00001.ppm  1  0 0 31 39
vfa\00046_00002.ppm  1  0 0 32 41
vfa\00046_00003.ppm  1  0 0 33 40
vfa\00046_00004.ppm  1  0 0 32 40
vfa\00046_00005.ppm  1  0 0 34 40
vfa\00046_00006.ppm  1  0 0 35 42
vfa\00046_00007.ppm  1  0 0 36 41
vfa\00046_00008.ppm  1  0 0 38 43
vfa\00046_00009.ppm  1  0 0 39 43
vfa\00046_00010.ppm  1  0 0 42 43
vfa\00046_00011.ppm  1  0 0 42 43
vfa\00046_00012.ppm  1  0 0 43 43
vfa\00046_00013.ppm  1  0 0 47 48
vfa\00046_00014.ppm  1  0 0 48 48
vfa\00046_00015.ppm  1  0 0 48 50
vfa\00046_00016.ppm  1  0 0 48 50
vfa\00046_00017.ppm  1  0 0 54 55
vfa\00046_00018.ppm  1  0 0 54 54
vfa\00046_00019.ppm  1  0 0 58 57
vfa\00046_00020.ppm  1  0 0 59 60
vfa\00046_00021.ppm  1  0 0 63 62
vfa\00046_00022.ppm  1  0 0 68 63
vfa\00046_00023.ppm  1  0 0 75 71
vfa\00046_00024.ppm  1  0 0 76 74
vfa\00046_00025.ppm  1  0 0 84 80
vfa\00046_00026.ppm  1  0 0 89 84
vfa\00046_00027.ppm  1  0 0 96 92
vfa\00046_00028.ppm  1  0 0 105 97
vfa\00046_00029.ppm  1  0 0 117 106
vfa\00047_00000.ppm  1  0 0 58 52
vfa\00047_00001.ppm  1  0 0 59 53
vfa\00047_00002.ppm  1  0 0 61 53
vfa\00047_00003.ppm  1  0 0 61 53
vfa\00047_00004.ppm  1  0 0 62 54
vfa\00047_00005.ppm  1  0 0 62 55
vfa\00047_00006.ppm  1  0 0 62 56
vfa\00047_00007.ppm  1  0 0 63 57
vfa\00047_00008.ppm  1  0 0 68 59
vfa\00047_00009.ppm  1  0 0 68 59
vfa\00047_00010.ppm  1  0 0 71 60
vfa\00047_00011.ppm  1  0 0 74 62
vfa\00047_00012.ppm  1  0 0 74 63
vfa\00047_00013.ppm  1  0 0 74 64
vfa\00047_00014.ppm  1  0 0 74 67
vfa\00047_00015.ppm  1  0 0 81 70
vfa\00047_00016.ppm  1  0 0 81 70
vfa\00047_00017.ppm  1  0 0 81 73
vfa\00047_00018.ppm  1  0 0 81 73
vfa\00047_00019.ppm  1  0 0 87 75
vfa\00047_00020.ppm  1  0 0 93 80
vfa\00047_00021.ppm  1  0 0 94 81
vfa\00047_00022.ppm  1  0 0 95 83
vfa\00047_00023.ppm  1  0 0 98 86
vfa\00047_00024.ppm  1  0 0 104 92
vfa\00047_00025.ppm  1  0 0 110 96
vfa\00047_00026.ppm  1  0 0 116 101
vfa\00047_00027.ppm  1  0 0 118 104
vfa\00047_00028.ppm  1  0 0 123 109
vfa\00047_00029.ppm  1  0 0 137 118
